12527.507  
12527.707  737600710
12528.549  737600927
12528.972  737602368
12529.794  737602398
12532.042  737602428
12534.081  737602458
12536.156  737602488
12538.307  737602518
12540.486  737602548
12542.46  737602578
12544.608  737602608
12546.562  737602634
12548.604  737602664
12550.629  737602694
12552.785  737602724
12554.966  737602754
12556.998  737602784
12559.255  737602814
12561.289  737602844
12563.301  737602874
12565.352  737602904
12567.379  737602934
12569.511  737602964
12571.572  737602994
12573.842  737603024
12575.989  737603050
12578.136  737603080
12580.278  737603110
12582.319  737603140
12584.443  737603170
12586.483  737603200
12588.601  737603230
12590.719  737603260
12592.845  737603290
12595.173  737603320
12597.289  737603350
12599.326  737603380
12601.438  737603410
12603.583  737603440
12605.723  737603470
12607.752  737603496
12609.898  737603526
12611.915  737603556
12613.94  737603586
12616.0625  737603616
12618.09  737603646
12620.099  737603676
12622.226  737603706
12624.252  737603736
12626.278  737603766
12628.395  737603792
12630.423  737603822
12632.45  737603852
12634.583  737603882
12636.521  737603912
12638.65  737603942
12640.673  737603972
12642.684  737604002
12644.815  737604032
12646.839  737604062
12648.867  737604092
12650.983  737604122
12653.046  737604152
12655.072  737604182
12657.199  737604212
12659.208  737604242
12661.328  737604272
12663.365  737604302
12665.394  737604332
12667.444  737604362
12669.272  737604392
12671.032  737604422
12672.875  737604452
12674.721  737604482
12676.387  737604512
12678.26  737604542
12680.308  737604572
12682.058  737604602
12683.484  737604632
12685.089  737604662
12686.515  737604692
12687.952  737604722
12689.28  737604752
12690.729  737604782
12692.05  737604812
12693.395  737604842
12694.892  737604872
12696.311  737604902
12697.771  737604932
12701.773  737604962
12703.208  737604992
12704.741  737605022
12706.692  737605052
12708.723  737605082
12712.924  737605112
12714.983  737605142
12717.124  737605172
12719.811  737605202
12721.935  737605232
12723.634  737605262
12725.767  737605292
12727.778  737605322
12729.779  737605352
12731.777  737605382
12733.778  737605412
12735.779  737605442
12737.777  737605472
12739.777  737605502
12741.776  737605532
12743.776  737605562
12745.776  737605592
12747.775  737605622
12749.775  737605652
12751.776  737605682
12753.775  737605712
12755.775  737605742
12757.775  737605772
12759.727  737605802
12761.724  737605832
12763.43  737605862
12765.572  737605892
12767.935  737605922
12769.685  737605952
12771.701  737605982
12773.817  737606012
12775.817  737606042
12777.837  737606072
12779.836  737606102
12781.837  737606132
12783.536  737606162
12785.137  737606188
12786.851  737606218
12788.567  737606248
12790.168  737606278
12791.869  737606308
12793.572  737606338
12795.172  737606368
12796.872  737606398
12798.588  737606428
12800.192  737606458
12801.892  737606488
12803.905  737606518
12805.72  737606548
12807.553  737606574
12809.56  737606604
12811.57  737606634
12813.586  737606664
12815.706  737606694
12817.764  737606724
12819.839  737606754
12822.022  737606784
12824.181  737606814
12826.2705  737606844
12828.338  737606874
12830.518  737606904
12832.575  737606934
12834.834  737606964
12836.913  737606994
12839.081  737607024
12841.152  737607054
12843.217  737607084
12845.261  737607114
12847.421  737607144
12849.593  737607174
12851.744  737607204
12853.684  737607234
12855.942  737607264
12858.049  737607294
12860.222  737607324
12862.433  737607354
12864.509  737607384
12866.678  737607414
12868.841  737607444
12870.595  737607474
12872.361  737607504
12874.122  737607534
12875.829  737607564
12877.792  737607594
12879.528  737607624
12881.394  737607654
12883.135  737607680
12884.877  737607710
12886.604  737607740
12888.339  737607770
12890.096  737607800
12891.941  737607830
12893.739  737607860
12895.587  737607890
12897.323  737607920
12902.267  737607950
12904.382  737607980
12906.532  737608010
12908.173  737608040
12910.0205  737608070
12911.762  737608096
12914.026  737608126
12916.08  737608156
12917.849  737608186
12919.495  737608216
12921.26  737608246
12923.104  737608276
12924.859  737608306
12926.709  737608336
12928.471  737608366
12930.312  737608396
12932.074  737608426
12933.915  737608456
12935.775  737608486
12937.518  737608516
12939.573  737608546
12941.84  737608576
12944.001  737608606
12946.147  737608636
12948.217  737608666
12950.291  737608696
12952.341  737608726
12954.412  737608756
12956.549  737608786
12958.735  737608816
12960.876  737608846
12963.036  737608876
12965.024  737608906
12967.198  737608936
12969.324  737608966
12971.486  737608996
12973.556  737609026
12975.727  737609056
12977.876  737609086
12980.043  737609116
12982.008  737609146
12984.158  737609176
12986.225  737609206
12988.383  737609236
12990.334  737609266
12992.382  737609296
12994.493  737609326
12996.674  737609356
12998.762  737609386
13000.832  737609416
13002.891  737609442
13005.065  737609472
13007.233  737609502
13009.304  737609532
13011.471  737609562
13013.338  737609588
13015.209  737609614
13016.949  737609640
13018.598  737609666
13020.377  737609696
13022.233  737609726
13023.987  737609756
13025.718  737609786
13027.57  737609816
13029.304  737609846
13031.051  737609876
13032.796  737609906
13034.67  737609936
13036.415  737609962
13038.186  737609992
13040.352  737610022
13042.504  737610052
13044.683  737610082
13046.846  737610112
13049.026  737610142
13051.21  737610172
13053.287  737610202
13055.458  737610232
13057.526  737610262
13059.664  737610292
13061.83  737610322
13063.983  737610352
13066.142  737610382
13068.312  737610412
13070.469  737610442
13072.638  737610472
13074.789  737610502
13076.947  737610532
13079.115  737610562
13081.181  737610592
13083.444  737610622
13085.509  737610652
13087.572  737610682
13089.722  737610712
13091.789  737610742
13093.844  737610772
13095.811  737610802
13097.869  737610832
13099.908  737610862
13101.976  737610892
13104.039  737610922
13106.073  737610952
13108.256  737610982
13110.395  737611008
13112.563  737611038
13114.616  737611068
13116.6875  737611098
13118.734  737611128
13120.792  737611158
13122.819  737611188
13124.992  737611218
13127.157  737611248
13129.209  737611278
13131.366  737611308
13133.439  737611338
13135.509  737611368
13137.568  737611398
13139.734  737611428
13141.78  737611458
13143.845  737611488
13145.928  737611518
13147.993  737611548
13150.149  737611578
13152.31  737611604
13154.367  737611634
13156.315  737611664
13158.567  737611694
13160.785  737611724
13162.876  737611754
13165.03  737611780
13167.1875  737611810
13169.362  737611840
13171.505  737611870
13173.691  737611900
13175.867  737611930
13177.919  737611960
13179.999  737611990
13182.071  737612020
13184.117  737612050
13186.301  737612080
13188.261  737612110
13190.426  737612140
13192.48  737612170
13194.4375  737612200
13196.486  737612230
13198.55  737612260
13200.702  737612290
13202.763  737612320
13204.841  737612350
13207.009  737612380
13209.152  737612410
13211.305  737612440
13213.484  737612470
13215.632  737612500
13217.591  737612530
13219.664  737612560
13221.912  737612590
13223.955  737612620
13226.009  737612650
13228.046  737612680
13230.206  737612710
13232.36  737612740
13234.4  737612770
13236.484  737612800
13238.621  737612830
13240.69  737612860
13242.753  737612890
13244.916  737612920
13247.076  737612950
13249.178  737612980
13251.295  737613010
13253.555  737613040
13255.752  737613070
13257.813  737613100
13260.013  737613130
13261.978  737613160
13264.126  737613190
13266.193  737613220
13268.471  737613250
13270.757  737613280
13273.099  737613310
13275.241  737613340
13277.475  737613370
13279.859  737613400
13282.094  737613430
13284.447  737613460
13286.549  737613490
13288.617  737613520
13290.674  737613550
13292.665  737613580
13294.74  737613610
13296.786  737613640
13298.9375  737613670
13300.905  737613700
13302.953  737613730
13305.222  737613760
13307.386  737613790
13309.491  737613820
13311.671  737613850
13313.848  737613880
13315.932  737613910
13318.087  737613940
13320.346  737613970
13322.435  737614000
13324.585  737614030
13326.862  737614060
13328.985  737614090
13331.05  737614120
13333.205  737614150
13335.372  737614180
13337.431  737614210
13339.601  737614236
13341.657  737614266
13343.72  737614296
13345.783  737614326
13348.067  737614356
13350.297  737614386
13352.315  737614416
13354.4  737614446
13356.533  737614476
13358.529  737614506
13360.661  737614536
13362.694  737614566
13364.847  737614596
13367.145  737614622
13369.099  737614652
13371.221  737614682
13373.232  737614712
13375.187  737614742
13377.437  737614772
13379.354  737614802
13381.652  737614832
13383.796  737614862
13385.86  737614892
13388.276  737614922
13390.182  737614952
13392.352  737614982
13394.318  737615012
13396.491  737615042
13398.521  737615072
13400.792  737615102
13402.585  737615132
13404.73  737615162
13406.957  737615192
13409.113  737615222
13411.298  737615252
13413.178  737615282
13415.043  737615312
13417.368  737615342
13419.629  737615372
13421.964  737615431
13426.044  737615515
13428.146  737615545
13430.0625  737615575
13432.2295  737615601
13434.44  737615631
13436.591  737615661
13438.599  737615691
13440.794  737615721
13442.749  737615751
13445.03  737615781
13447.218  737615811
13449.299  737615841
13451.094  737615871
13453.435  737615901
13455.69  737615927
13457.844  737615957
13460.308  737616020
13461.878  737616050
13463.8  737616076
13465.905  737616106
13468.039  737616136
13470.083  737616166
13471.95  737616196
13474.21  737616226
13476.062  737616256
13478.305  737616286
13480.045  737616316
13482.317  737616346
13484.286  737616376
13486.336  737616406
13488.317  737616436
13490.211  737616466
13492.46  737616496
13494.232  737616526
13496.539  737616556
13498.538  737616586
13500.545  737616616
13502.311  737616646
13504.377  737616676
13506.329  737616706
13508.518  737616736
13510.419  737616766
13512.634  737616796
13514.378  737616826
13516.612  737616856
13518.744  737616886
13520.749  737616945
13522.492  737616998
13523.832  737617028
13525.819  737617058
13527.915  737617088
13529.784  737617118
13531.89  737617148
13533.833  737617178
13535.957  737617208
13537.962  737617238
13539.954  737617268
13541.878  737617298
13543.707  737617328
13545.844  737617358
13547.307  737617388
13549.587  737617418
13552.891  737617448
13554.81  737617478
13558.66  737617508
13560.996  737617538
13562.584  737617568
13564.208  737617598
13566.174  737617628
13567.614  737617658
13569.173  737617688
13571.012  737617718
13572.673  737617748
13574.418  737617778
13575.846  737617808
13577.546  737617838
13579.636  737617868
13580.911  737617898
13582.653  737617928
13584.418  737617958
13585.986  737617988
13587.799  737618018
13589.487  737618048
13591.55  737618111
13592.791  737618141
13594.62  737618171
13596.219  737618201
13598.324  737618255
13600.324  737618285
13602.541  737618315
13604.462  737618345
13606.463  737618375
13608.735  737618405
13610.595  737618435
13612.812  737618465
13614.577  737618495
13616.641  737618525
13618.778  737618555
13621.071  737618614
13624.658  737618667
13625.129  737618697
13626.884  737618727
13628.634  737618757
13630.877  737618787
13632.714  737618817
13634.79  737618847
13636.853  737618877
13638.735  737618907
13640.917  737618933
13642.685  737618963
13644.853  737618993
13647.027  737619023
13649.067  737619053
13650.988  737619083
13652.919  737619109
13655.114  737619139
13657.097  737619169
13659.341  737619199
13661.37  737619229
13663.421  737619259
13665.35  737619289
13667.436  737619319
13669.759  737619345
13671.974  737619375
13673.986  737619405
13676.033  737619435
13678.074  737619465
13680.036  737619495
13682.222  737619525
13684.528  737619555
13686.712  737619585
13688.811  737619615
13690.895  737619645
13692.808  737619675
13695.172  737619701
13697.458  737619731
13699.582  737619761
13701.65  737619791
13703.605  737619821
13705.596  737619851
13707.807  737619881
13710.091  737619911
13712.039  737619941
13714.276  737619971
13716.603  737620001
13718.367  737620031
13720.759  737620061
13723.272  737620124
13724.981  737620154
13726.882  737620184
13729.121  737620210
13731.376  737620240
13733.326  737620270
13735.705  737620300
13737.572  737620346
