30248.275  
30248.459  2095104001
30249.357  2095104208
30249.658  2095104451
30251.36  2095104601
30256.48  2095104691
30256.887  2095104721
30257.484  2095104751
30260.488  2095104931
30260.795  2095104961
30261.295  2095104991
30261.697  2095105021
30262.2  2095105051
30262.6  2095105081
30263.0  2095105111
30263.396  2095105141
30263.805  2095105171
30264.2  2095105201
30264.602  2095105231
30265.104  2095105261
30265.504  2095105291
30265.906  2095105321
30266.312  2095105351
30266.814  2095105381
30267.41  2095105411
30267.918  2095105441
30268.414  2095105471
30268.914  2095105501
30269.422  2095105531
30270.023  2095105561
30270.625  2095105591
30271.121  2095105621
30271.623  2095105651
30272.125  2095105681
30272.627  2095105711
30273.129  2095105741
30273.73  2095105771
30274.338  2095105801
30274.834  2095105831
30275.336  2095105861
30275.838  2095105891
30276.338  2095105921
30276.842  2095105951
30277.447  2095105981
30277.95  2095106011
30278.451  2095106041
30278.95  2095106071
30279.45  2095106101
30280.057  2095106131
30280.654  2095106161
30281.154  2095106191
30281.656  2095106221
30282.156  2095106251
30282.658  2095106281
30283.166  2095106311
30283.662  2095106341
30284.168  2095106371
30284.664  2095106401
30285.166  2095106431
30285.775  2095106461
30286.271  2095106491
30286.771  2095106521
30287.273  2095106551
30287.777  2095106581
30288.277  2095106611
30288.78  2095106641
30289.281  2095106671
30289.781  2095106701
30290.389  2095106731
30290.89  2095106761
30291.387  2095106791
30291.896  2095106821
30292.396  2095106851
30292.998  2095106881
30293.494  2095106911
30293.996  2095106941
30294.502  2095106971
30295.1  2095107001
30295.605  2095107031
30296.107  2095107061
30296.61  2095107091
30297.111  2095107121
30297.607  2095107151
30298.11  2095107181
30298.715  2095107211
30299.217  2095107241
30299.814  2095107271
30300.322  2095107301
30300.818  2095107331
30301.334  2095107361
30301.834  2095107391
30302.336  2095107421
30302.832  2095107451
30303.44  2095107481
30303.936  2095107511
30304.438  2095107541
30304.943  2095107571
30305.441  2095107601
30305.941  2095107631
30306.443  2095107661
30306.945  2095107691
30307.451  2095107721
30307.95  2095107751
30308.455  2095107781
30308.957  2095107811
30309.559  2095107841
30310.06  2095107871
30310.559  2095107901
30311.059  2095107931
30311.564  2095107961
30312.062  2095107991
30312.568  2095108021
30313.07  2095108051
30313.672  2095108081
30314.168  2095108111
30314.67  2095108141
30315.277  2095108171
30315.78  2095108201
30316.275  2095108231
30316.777  2095108261
30317.277  2095108291
30317.787  2095108321
30318.287  2095108351
30318.783  2095108381
30319.285  2095108411
30319.785  2095108441
30320.287  2095108471
30320.795  2095108501
30321.297  2095108531
30321.898  2095108561
30322.4  2095108591
30322.896  2095108621
30323.398  2095108651
30323.904  2095108681
30324.4  2095108711
30324.908  2095108741
30325.512  2095108771
30326.006  2095108801
30326.514  2095108831
30327.01  2095108861
30327.518  2095108891
30328.018  2095108921
30328.52  2095108951
30329.117  2095108981
30329.623  2095109011
30330.12  2095109041
30330.627  2095109071
30331.129  2095109101
30331.625  2095109131
30332.125  2095109161
30332.729  2095109191
30333.236  2095109221
30333.73  2095109251
30334.34  2095109281
30334.842  2095109311
30335.338  2095109341
30335.844  2095109371
30336.34  2095109401
30336.848  2095109431
30337.45  2095109461
30338.15  2095109491
30338.646  2095109521
30339.148  2095109551
30339.65  2095109581
30340.158  2095109611
30340.652  2095109641
30341.16  2095109671
30341.662  2095109701
30342.164  2095109731
30342.67  2095109761
30343.277  2095109791
30343.777  2095109821
30344.28  2095109851
30344.791  2095109881
30345.277  2095109911
30345.785  2095109941
30346.38  2095109971
30346.883  2095110001
30347.39  2095110031
30347.89  2095110061
30348.387  2095110091
30348.994  2095110121
30349.49  2095110151
30350.094  2095110181
30350.6  2095110211
30351.096  2095110241
30351.598  2095110271
30352.105  2095110301
30352.602  2095110331
30353.107  2095110361
30353.604  2095110391
30354.207  2095110421
30354.707  2095110451
30355.209  2095110481
30355.71  2095110511
30356.213  2095110541
30356.72  2095110571
30357.215  2095110601
30357.723  2095110631
30358.324  2095110661
30358.828  2095110691
30359.328  2095110721
30359.824  2095110751
30360.332  2095110781
30360.828  2095110811
30361.328  2095110841
30361.936  2095110871
30362.432  2095110901
30362.934  2095110931
30363.438  2095110961
30363.938  2095110991
30364.443  2095111021
30364.94  2095111051
30365.447  2095111081
30366.043  2095111111
30366.55  2095111141
30367.053  2095111171
30367.555  2095111201
30368.057  2095111231
30368.557  2095111261
30369.154  2095111291
30369.66  2095111321
30370.162  2095111351
30370.664  2095111381
30371.16  2095111411
30371.662  2095111441
30372.17  2095111471
30372.666  2095111501
30373.166  2095111531
30373.77  2095111561
30374.277  2095111591
30374.777  2095111621
30375.379  2095111651
30375.88  2095111681
30376.377  2095111711
30376.885  2095111741
30377.38  2095111771
30377.887  2095111801
30378.389  2095111831
30378.89  2095111861
30379.492  2095111891
30379.996  2095111921
30380.496  2095111951
30380.992  2095111981
30381.494  2095112011
30381.996  2095112041
30382.502  2095112071
30382.998  2095112101
30383.5  2095112131
30384.006  2095112161
30384.508  2095112191
30385.111  2095112221
30385.613  2095112251
30386.215  2095112281
30386.71  2095112311
30387.21  2095112341
30387.62  2095112371
30388.22  2095112401
30388.723  2095112431
30389.324  2095112461
30389.82  2095112491
30390.328  2095112521
30390.83  2095112551
30391.33  2095112581
30391.828  2095112611
30392.535  2095112641
30393.031  2095112671
30393.639  2095112701
30394.135  2095112731
30394.635  2095112761
30395.145  2095112791
30395.84  2095112821
30396.348  2095112851
30396.85  2095112881
30397.35  2095112911
30397.846  2095112941
30398.348  2095112971
30398.855  2095113001
30399.355  2095113031
30399.953  2095113061
30400.459  2095113091
30400.96  2095113121
30401.463  2095113151
30401.967  2095113181
30402.46  2095113211
30402.969  2095113241
30403.465  2095113271
30403.967  2095113301
30404.467  2095113331
30404.977  2095113361
30405.477  2095113391
30405.979  2095113421
30406.473  2095113451
30406.98  2095113481
30407.477  2095113511
30407.979  2095113541
30408.586  2095113571
30409.082  2095113601
30409.584  2095113631
30410.092  2095113661
30410.588  2095113691
30411.088  2095113721
30411.59  2095113751
30412.102  2095113781
30412.693  2095113811
30413.203  2095113841
30413.697  2095113871
30414.2  2095113901
30414.807  2095113931
30415.309  2095113961
30415.81  2095113991
30416.307  2095114021
30416.908  2095114051
30417.416  2095114081
30417.91  2095114111
30418.514  2095114141
30418.914  2095114171
30419.518  2095114201
30420.023  2095114231
30420.525  2095114261
30421.021  2095114291
30421.527  2095114321
30422.023  2095114351
30422.527  2095114381
30423.027  2095114411
30423.53  2095114441
30424.031  2095114471
30424.531  2095114501
30425.033  2095114531
30425.541  2095114561
30426.145  2095114591
30426.645  2095114621
30427.14  2095114651
30427.643  2095114681
30428.148  2095114711
30428.65  2095114741
30429.252  2095114771
30429.648  2095114801
30430.457  2095114831
30431.059  2095114861
30431.66  2095114891
30432.162  2095114921
30432.664  2095114951
30433.166  2095114981
30433.66  2095115011
30434.164  2095115041
30434.664  2095115071
30435.266  2095115101
30435.775  2095115131
30436.275  2095115161
30436.777  2095115191
30437.273  2095115221
30437.773  2095115251
30438.383  2095115281
30438.885  2095115311
30439.385  2095115341
30439.988  2095115371
30440.584  2095115401
30441.09  2095115431
30441.594  2095115461
30442.295  2095115491
30442.791  2095115521
30443.299  2095115551
30443.795  2095115581
30444.697  2095115611
30445.203  2095115641
30445.7  2095115671
30446.207  2095115701
30446.703  2095115731
30447.205  2095115761
30447.812  2095115791
30448.309  2095115821
30448.918  2095115851
30449.512  2095115881
30450.02  2095115911
30450.516  2095115941
30451.223  2095115971
30451.725  2095116001
30452.223  2095116031
30452.727  2095116061
30453.229  2095116091
30453.73  2095116121
30454.23  2095116151
30454.732  2095116181
30455.234  2095116211
30455.842  2095116241
30456.34  2095116271
30456.846  2095116301
30457.346  2095116331
30457.852  2095116361
30458.36  2095116391
30458.854  2095116421
30459.361  2095116451
30459.857  2095116481
30460.365  2095116511
30460.865  2095116541
30461.361  2095116571
30461.865  2095116601
30462.57  2095116631
30463.174  2095116661
30463.67  2095116691
30464.172  2095116721
30464.68  2095116751
30465.174  2095116781
30465.678  2095116811
30466.184  2095116841
30466.682  2095116871
30467.182  2095116901
30467.79  2095116931
30468.184  2095116961
30468.691  2095116991
30469.205  2095117021
30469.697  2095117051
30470.307  2095117081
30470.807  2095117111
30471.309  2095117141
30471.904  2095117171
30472.506  2095117201
30473.107  2095117231
30473.61  2095117261
30474.117  2095117291
30474.617  2095117321
30475.22  2095117351
30475.816  2095117381
30476.324  2095117411
30476.826  2095117441
30477.326  2095117471
30477.828  2095117501
30478.33  2095117531
30478.826  2095117561
30479.33  2095117591
30479.83  2095117621
30480.336  2095117651
30480.84  2095117681
30481.342  2095117711
30481.848  2095117741
30482.348  2095117771
30482.85  2095117801
30483.357  2095117831
30483.857  2095117861
30484.457  2095117891
30485.059  2095117921
30485.559  2095117951
30486.064  2095117981
30486.56  2095118011
30487.068  2095118041
30487.564  2095118071
30488.172  2095118101
30488.676  2095118131
30489.17  2095118161
30489.674  2095118191
30490.18  2095118221
30490.682  2095118251
30491.184  2095118281
30491.678  2095118311
30492.18  2095118341
30492.688  2095118371
30493.184  2095118401
30493.691  2095118431
30494.186  2095118461
30494.688  2095118491
30495.195  2095118521
30495.797  2095118551
30496.293  2095118581
30496.8  2095118611
30497.297  2095118641
30497.797  2095118671
30498.406  2095118701
30498.906  2095118731
30499.408  2095118761
30499.906  2095118791
30500.41  2095118821
30500.912  2095118851
30501.408  2095118881
30501.916  2095118911
30502.418  2095118941
30502.92  2095118971
30503.523  2095119001
30504.021  2095119031
30504.525  2095119061
30505.02  2095119091
30505.521  2095119121
30506.025  2095119151
30506.525  2095119181
30507.027  2095119211
30507.53  2095119241
30508.035  2095119271
30508.531  2095119301
30509.033  2095119331
30509.637  2095119361
30510.145  2095119391
30510.639  2095119421
30511.14  2095119451
30511.643  2095119481
30512.148  2095119511
30512.652  2095119541
30513.053  2095119571
30513.648  2095119601
30514.15  2095119631
30514.658  2095119661
30515.16  2095119691
30515.756  2095119721
30516.26  2095119751
30516.764  2095119781
30517.26  2095119811
30517.762  2095119841
30518.37  2095119871
30518.865  2095119901
30519.367  2095119931
30519.87  2095119961
30520.371  2095119991
30520.873  2095120021
30521.373  2095120051
30521.88  2095120081
30522.383  2095120111
30522.885  2095120141
30523.387  2095120171
30523.887  2095120201
30524.389  2095120231
30524.893  2095120261
30525.393  2095120291
30525.895  2095120321
30526.395  2095120351
30526.89  2095120381
30527.5  2095120411
30527.994  2095120441
30528.496  2095120471
30528.998  2095120501
30529.502  2095120531
30530.107  2095120561
30530.605  2095120591
30531.107  2095120621
30531.605  2095120651
30532.107  2095120681
30532.61  2095120711
30533.111  2095120741
30533.719  2095120771
30534.22  2095120801
30534.717  2095120831
30535.219  2095120861
30535.725  2095120891
30536.227  2095120921
30536.729  2095120951
30537.23  2095120981
30537.73  2095121011
30538.227  2095121041
30538.73  2095121071
30539.23  2095121101
30539.732  2095121131
30540.24  2095121161
30540.736  2095121191
30541.342  2095121221
30541.94  2095121251
30542.447  2095121281
30542.943  2095121311
30543.445  2095121341
30543.951  2095121371
30544.348  2095121401
30544.951  2095121431
30545.455  2095121461
30546.059  2095121491
30546.559  2095121521
30547.06  2095121551
30547.557  2095121581
30548.064  2095121611
30548.566  2095121641
30549.062  2095121671
30549.67  2095121701
30550.166  2095121731
30550.674  2095121761
30551.174  2095121791
30551.67  2095121821
30552.178  2095121851
30552.68  2095121881
30553.18  2095121911
30553.684  2095121941
30554.184  2095121971
30554.781  2095122001
30555.281  2095122031
30555.795  2095122061
30556.291  2095122091
30556.793  2095122121
30557.295  2095122151
30557.795  2095122181
30558.291  2095122211
30558.895  2095122241
30559.395  2095122271
30559.904  2095122301
30560.398  2095122331
30560.9  2095122361
30561.406  2095122391
30561.908  2095122421
30562.404  2095122451
30562.908  2095122481
30563.414  2095122511
30563.916  2095122541
30564.416  2095122571
30564.918  2095122601
30565.414  2095122631
30565.922  2095122661
30566.424  2095122691
30567.027  2095122721
30567.527  2095122751
30568.023  2095122781
30568.625  2095122811
30569.133  2095122841
30569.629  2095122871
30570.133  2095122901
30570.635  2095122931
30571.143  2095122961
30571.744  2095122991
30572.258  2095123021
30572.748  2095123051
30573.244  2095123081
30573.85  2095123111
30574.348  2095123141
30574.953  2095123171
30575.455  2095123201
30575.957  2095123231
30576.564  2095123261
30577.064  2095123291
30577.566  2095123321
30578.064  2095123351
30578.57  2095123381
30579.066  2095123411
30579.574  2095123441
30580.076  2095123471
30580.576  2095123501
30581.078  2095123531
30581.576  2095123561
30582.686  2095123591
30583.084  2095123621
30583.48  2095123651
30583.889  2095123681
30584.283  2095123711
30584.686  2095123741
30585.086  2095123771
30585.488  2095123801
30585.89  2095123831
30586.295  2095123861
30586.691  2095123891
30587.2  2095123921
30587.494  2095123951
30588.002  2095123981
30588.402  2095124011
30588.797  2095124041
30589.205  2095124071
30589.6  2095124101
30590.107  2095124131
30590.51  2095124161
30590.912  2095124191
30591.307  2095124221
30591.707  2095124251
30592.11  2095124281
30592.516  2095124311
30592.91  2095124341
30593.312  2095124371
30594.02  2095124401
30595.023  2095124431
30595.42  2095124461
30595.826  2095124491
30597.326  2095124521
30597.732  2095124551
30598.129  2095124581
30598.535  2095124611
30598.936  2095124641
30599.332  2095124671
30599.738  2095124701
30600.135  2095124731
30600.541  2095124761
30601.043  2095124791
30601.645  2095124821
30602.14  2095124851
30602.648  2095124881
30603.15  2095124911
30603.65  2095124941
30604.152  2095124971
30604.648  2095125001
30605.156  2095125031
30605.752  2095125061
30606.152  2095125091
30606.762  2095125121
30607.26  2095125151
30607.76  2095125181
30608.268  2095125211
30608.768  2095125241
30609.264  2095125271
30609.771  2095125301
30610.273  2095125331
30610.768  2095125361
30611.271  2095125391
30611.777  2095125421
30612.273  2095125451
30612.777  2095125481
30613.283  2095125511
30613.783  2095125541
30614.28  2095125571
30614.787  2095125601
30615.283  2095125631
30615.79  2095125661
30616.291  2095125691
30616.793  2095125721
30617.29  2095125751
30617.893  2095125781
30618.395  2095125811
30618.896  2095125841
30619.398  2095125871
30619.904  2095125901
30620.404  2095125931
30620.9  2095125961
30621.408  2095125991
30621.904  2095126021
30622.412  2095126051
30622.914  2095126081
30623.414  2095126111
30623.916  2095126141
30624.418  2095126171
30624.918  2095126201
30625.42  2095126231
30625.922  2095126261
30626.424  2095126291
30626.926  2095126321
30627.428  2095126351
30627.93  2095126381
30628.527  2095126411
30629.033  2095126441
30629.53  2095126471
30630.035  2095126501
30630.533  2095126531
30631.045  2095126561
30631.64  2095126591
30632.143  2095126621
30632.639  2095126651
30633.145  2095126681
30633.643  2095126711
30634.15  2095126741
30634.645  2095126771
30635.248  2095126801
30635.748  2095126831
30636.252  2095126861
30636.758  2095126891
30637.355  2095126921
30637.855  2095126951
30638.357  2095126981
30638.86  2095127011
30639.361  2095127041
30639.867  2095127071
30640.363  2095127101
30640.871  2095127131
30641.367  2095127161
30641.87  2095127191
30642.375  2095127221
30642.873  2095127251
30643.373  2095127281
30643.879  2095127311
30644.377  2095127341
30644.88  2095127371
30645.38  2095127401
30645.982  2095127431
30646.484  2095127461
30646.99  2095127491
30647.492  2095127521
30647.994  2095127551
30648.494  2095127581
30648.996  2095127611
30649.492  2095127641
30650.102  2095127671
30650.596  2095127701
30651.098  2095127731
30651.6  2095127761
30652.107  2095127791
30652.607  2095127821
30653.105  2095127851
30653.611  2095127881
30654.21  2095127911
30654.71  2095127941
30655.217  2095127971
30655.713  2095128001
30656.22  2095128031
30656.723  2095128061
30657.219  2095128091
30657.723  2095128121
30658.22  2095128151
30658.729  2095128181
30659.23  2095128211
30659.725  2095128241
30660.227  2095128271
30660.734  2095128301
30661.23  2095128331
30661.846  2095128361
30662.342  2095128391
30662.842  2095128421
30663.344  2095128451
30663.848  2095128481
30664.355  2095128511
30664.855  2095128541
30665.357  2095128571
30665.854  2095128601
30666.36  2095128631
30666.861  2095128661
30667.457  2095128691
30667.965  2095128721
30668.46  2095128751
30668.963  2095128781
30669.465  2095128811
30669.969  2095128841
30670.467  2095128871
30671.07  2095128901
30671.574  2095128931
30672.078  2095128961
30672.574  2095128991
30673.082  2095129021
30673.576  2095129051
30674.078  2095129081
30674.58  2095129111
30675.09  2095129141
30675.584  2095129171
30676.086  2095129201
30676.592  2095129231
30677.094  2095129261
30677.697  2095129291
30678.191  2095129321
30678.709  2095129351
30679.195  2095129381
30679.697  2095129411
30680.2  2095129441
30680.7  2095129471
30681.207  2095129501
30681.709  2095129531
30682.21  2095129561
30682.713  2095129591
30683.207  2095129621
30683.81  2095129651
30684.312  2095129681
30684.812  2095129711
30685.314  2095129741
30685.818  2095129771
30686.324  2095129801
30686.826  2095129831
30687.328  2095129861
30687.828  2095129891
30688.426  2095129921
30688.928  2095129951
30689.436  2095129981
30689.936  2095130011
30690.438  2095130041
30690.94  2095130071
30691.436  2095130101
30691.936  2095130131
30692.447  2095130161
30692.945  2095130191
30693.445  2095130221
30693.943  2095130251
30694.451  2095130281
30694.951  2095130311
30695.447  2095130341
30695.955  2095130371
30696.455  2095130401
30696.955  2095130431
30697.46  2095130461
30697.957  2095130491
30698.457  2095130521
30698.959  2095130551
30699.467  2095130581
30700.068  2095130611
30700.57  2095130641
30701.064  2095130671
30701.67  2095130701
30702.176  2095130731
30702.678  2095130761
30703.174  2095130791
30703.674  2095130821
30704.184  2095130851
30704.684  2095130881
30705.184  2095130911
30705.688  2095130941
30706.188  2095130971
30706.684  2095131001
30707.188  2095131031
30707.691  2095131061
30708.188  2095131091
30708.695  2095131121
30709.191  2095131151
30709.701  2095131181
30710.2  2095131211
30710.797  2095131241
30711.305  2095131271
30711.8  2095131301
30712.309  2095131331
30712.809  2095131361
30713.31  2095131391
30713.809  2095131421
30714.31  2095131451
30714.81  2095131481
30715.31  2095131511
30715.914  2095131541
30716.42  2095131571
30716.924  2095131601
30717.418  2095131631
30717.928  2095131661
30718.422  2095131691
30718.928  2095131721
30719.424  2095131751
30719.926  2095131781
30720.455  2095131811
30721.03  2095131841
30721.533  2095131871
30722.041  2095131901
30722.541  2095131931
30723.037  2095131961
30723.537  2095131991
30724.041  2095132021
30724.547  2095132051
30725.049  2095132081
30725.547  2095132111
30726.053  2095132141
30726.555  2095132171
30727.06  2095132201
30727.564  2095132231
30728.059  2095132261
30728.566  2095132291
30729.17  2095132321
30729.664  2095132351
30730.172  2095132381
30730.674  2095132411
30731.176  2095132441
30731.676  2095132471
30732.18  2095132501
30732.68  2095132531
30733.182  2095132561
30733.678  2095132591
30734.184  2095132621
30734.68  2095132651
30735.188  2095132681
30735.69  2095132711
30736.186  2095132741
30736.79  2095132771
30737.293  2095132801
30737.797  2095132831
30738.293  2095132861
30738.799  2095132891
30739.398  2095132921
30739.904  2095132951
30740.398  2095132981
30740.9  2095133011
30741.402  2095133041
30741.904  2095133071
30742.412  2095133101
30742.912  2095133131
30743.408  2095133161
30743.91  2095133191
30744.418  2095133221
30744.914  2095133251
30745.521  2095133281
30746.018  2095133311
30746.525  2095133341
30747.025  2095133371
30747.527  2095133401
30748.03  2095133431
30748.525  2095133461
30749.025  2095133491
30749.533  2095133521
30750.03  2095133551
30750.533  2095133581
30751.04  2095133611
30751.535  2095133641
30752.139  2095133671
30752.639  2095133701
30753.14  2095133731
30753.64  2095133761
30754.145  2095133791
30754.65  2095133821
30755.152  2095133851
30755.648  2095133881
30756.15  2095133911
30756.65  2095133941
30757.158  2095133971
30757.754  2095134001
30758.264  2095134031
30758.764  2095134061
30759.266  2095134091
30759.77  2095134121
30760.262  2095134151
30760.77  2095134181
30761.371  2095134211
30761.873  2095134241
30762.371  2095134271
30762.877  2095134301
30763.377  2095134331
30763.88  2095134361
30764.482  2095134391
30764.984  2095134421
30765.479  2095134451
30765.98  2095134481
30766.488  2095134511
30767.084  2095134541
30767.592  2095134571
30768.094  2095134601
30768.59  2095134631
30769.096  2095134661
30769.598  2095134691
30770.1  2095134721
30770.703  2095134751
30771.203  2095134781
30771.8  2095134811
30772.3  2095134841
30772.803  2095134871
30773.305  2095134901
30773.812  2095134931
30774.314  2095134961
30774.809  2095134991
30775.316  2095135021
30775.82  2095135051
30776.314  2095135081
30776.822  2095135111
30777.322  2095135141
30777.818  2095135171
30778.328  2095135201
30778.828  2095135231
30779.33  2095135261
30779.83  2095135291
30780.326  2095135321
30780.828  2095135351
30781.436  2095135381
30781.941  2095135411
30782.434  2095135441
30782.945  2095135471
30783.438  2095135501
30783.945  2095135531
30784.447  2095135561
30784.947  2095135591
30785.443  2095135621
30785.951  2095135651
30786.547  2095135681
30787.055  2095135711
30787.557  2095135741
30788.059  2095135771
30788.553  2095135801
30789.16  2095135831
30789.656  2095135861
30790.26  2095135891
30790.76  2095135921
30791.363  2095135951
30791.87  2095135981
30792.365  2095136011
30792.977  2095136041
30793.475  2095136071
30793.97  2095136101
30794.68  2095136131
30795.182  2095136161
30795.682  2095136191
30796.379  2095136221
30796.88  2095136251
30797.389  2095136281
30797.992  2095136311
30798.49  2095136341
30798.988  2095136371
30799.494  2095136401
30799.996  2095136431
30800.498  2095136461
30800.994  2095136491
30801.5  2095136521
30802.098  2095136551
30802.705  2095136581
30803.201  2095136611
30803.703  2095136641
30804.203  2095136671
30804.713  2095136701
30805.215  2095136731
30805.709  2095136761
30806.21  2095136791
30806.82  2095136821
30807.314  2095136851
30807.822  2095136881
30808.334  2095136911
30808.826  2095136941
30809.326  2095136971
30809.822  2095137001
30810.324  2095137031
30810.832  2095137061
30811.332  2095137091
30811.834  2095137121
30812.537  2095137151
30813.04  2095137181
30813.535  2095137211
30814.041  2095137241
30814.537  2095137271
30815.04  2095137301
30815.541  2095137331
30816.043  2095137361
30816.549  2095137391
30817.05  2095137421
30817.652  2095137451
30818.154  2095137481
30818.656  2095137511
30819.252  2095137541
30819.76  2095137571
30820.256  2095137601
30820.758  2095137631
30821.264  2095137661
30821.766  2095137691
30822.262  2095137721
30822.867  2095137751
30823.469  2095137781
30824.068  2095137811
30824.57  2095137841
30825.07  2095137871
30825.678  2095137901
30826.281  2095137931
30826.781  2095137961
30827.283  2095137991
30827.78  2095138021
30828.287  2095138051
30828.883  2095138081
30829.385  2095138111
30829.893  2095138141
30830.395  2095138171
30830.896  2095138201
30831.393  2095138231
30831.895  2095138261
30832.4  2095138291
30832.896  2095138321
30833.398  2095138351
30833.902  2095138381
30834.4  2095138411
30834.908  2095138441
30835.41  2095138471
30835.906  2095138501
30836.508  2095138531
30837.01  2095138561
30837.518  2095138591
30838.018  2095138621
30838.523  2095138651
30839.023  2095138681
30839.518  2095138711
30840.025  2095138741
30840.521  2095138771
30841.027  2095138801
30841.525  2095138831
30842.033  2095138861
30842.535  2095138891
30843.143  2095138921
30843.64  2095138951
30844.145  2095138981
30844.64  2095139011
30845.143  2095139041
30845.65  2095139071
30846.146  2095139101
30846.654  2095139131
30847.15  2095139161
30847.656  2095139191
30848.158  2095139221
30849.06  2095139251
30849.46  2095139281
30849.957  2095139311
30850.465  2095139341
30850.96  2095139371
