56181.297  2998896979
56185.26  2998897034
56192.766  2998897247
56204.355  2998897346
56206.016  2998897395
56222.457  2998897496
56224.18  2998897545
56228.266  2998897649
56232.23  2998897697
56259.586  2998897799
56261.004  2998897847
56268.492  2998897961
56270.402  2998898008
56281.312  2998898113
56282.723  2998898161
56291.363  2998898277
56292.945  2998898326
56301.73  2998898433
56303.008  2998898481
56312.36  2998898581
56314.027  2998898628
56318.69  2998898732
56320.008  2998898780
56327.223  2998898878
56328.457  2998898926
56339.26  2998899034
56341.168  2998899081
56347.39  2998899191
56348.88  2998899239
56363.164  2998899347
56364.35  2998899395
56374.05  2998899499
56388.52  2998899548
56392.266  2998899660
56393.793  2998899709
56397.465  2998899819
56398.734  2998899867
56407.023  2998899976
56408.285  2998900025
56432.37  2998900123
56433.797  2998900171
56437.754  2998900269
56439.05  2998900316
56442.906  2998900429
56444.39  2998900478
56457.74  2998900597
56459.492  2998900645
56464.285  2998900745
56465.582  2998900794
56473.336  2998900895
56477.168  2998900943
56483.62  2998901043
56485.26  2998901092
56497.98  2998901196
56499.363  2998901243
56503.883  2998901346
56505.355  2998901394
56518.79  2998901517
56520.207  2998901566
56524.586  2998901676
56526.137  2998901725
56530.668  2998901823
56534.438  2998901870
56538.66  2998901983
56544.492  2998902030
56554.01  2998902136
56555.43  2998902185
56565.14  2998902300
56566.53  2998902348
56573.957  2998902454
56575.96  2998902502
56580.44  2998902607
56581.902  2998902655
56585.82  2998902764
56587.19  2998902812
56594.04  2998902917
56597.535  2998902965
56607.324  2998903064
56610.695  2998903113
56616.453  2998903224
56629.457  2998903434
56643.203  2998903538
56644.33  2998903587
56648.31  2998903705
56652.18  2998903752
56656.492  2998903854
56658.07  2998903903
56661.535  2998904003
56663.2  2998904052
56667.125  2998904169
56668.52  2998904217
56672.195  2998904321
56673.402  2998904369
56679.613  2998904480
56681.21  2998904529
56684.863  2998904635
56686.043  2998904684
56692.06  2998904790
56706.715  2998905009
56780.066  2998905113
56781.35  2998905161
56787.93  2998905268
56789.574  2998905316
56800.824  2998905418
56802.695  2998905467
56816.746  2998905574
56818.266  2998905622
56940.945  2998905702
57060.87  2998905702
57180.793  2998905702
57300.895  2998905702
57421.496  2998905702
57543.137  2998905702
57660.93  2998905702
57780.723  2998905702
57900.863  2998905702
58020.945  2998905745
58023.566  2998906226
58028.867  2998906274
58030.168  2998906274
58033.316  2998906274
58034.46  2998906274
58040.082  2998906361
58045.344  2998906434
58063.625  2998906768
58064.8  2998906768
58066.883  2998906768
58076.656  2998906922
58077.855  2998906922
58080.426  2998907080
58081.684  2998907080
58105.742  2998907228
58106.953  2998907228
58111.11  2998907385
58114.477  2998907385
58125.227  2998907539
58126.863  2998907539
58133.22  2998907703
58135.03  2998907703
58137.57  2998907859
58139.3  2998907942
58142.117  2998908015
58143.25  2998908015
58145.805  2998908166
58153.586  2998908319
58154.754  2998908406
58209.945  2998908478
58211.22  2998908478
58218.62  2998908631
58221.855  2998908720
58226.19  2998908791
58233.242  2998908942
58237.156  2998909100
58239.22  2998909100
58245.008  2998909256
58246.184  2998909256
58260.496  2998909407
58261.652  2998909407
58284.375  2998909562
58285.723  2998909562
58289.87  2998909710
58295.355  2998909795
58298.727  2998909868
58328.336  2998910018
58329.992  2998910018
58342.367  2998910172
58346.53  2998910172
58349.188  2998910328
58350.355  2998910328
58352.93  2998910475
58354.164  2998910475
58372.008  2998910634
58373.242  2998910719
58375.59  2998910792
58377.246  2998910792
58382.445  2998910943
58383.766  2998911034
58392.64  2998911106
58393.836  2998911106
58400.223  2998911254
58401.816  2998911254
58405.824  2998911406
58407.355  2998911406
58414.785  2998911653
58465.21  2998911725
58469.082  2998911880
58470.17  2998911880
58473.133  2998912044
58475.02  2998912044
58478.555  2998912204
58480.016  2998912204
58488.18  2998912353
58491.38  2998912432
58495.05  2998912504
58496.535  2998912504
58500.324  2998912654
58504.324  2998912804
58505.504  2998912804
58513.06  2998912970
58514.25  2998912970
58524.65  2998913126
58528.406  2998913280
58529.6  2998913280
58533.72  2998913438
58537.85  2998913594
58539.227  2998913594
58547.17  2998913753
58561.746  2998913907
58569.746  2998914069
58576.13  2998914226
58582.227  2998914313
58584.695  2998914386
58597.51  2998914545
58599.137  2998914545
58611.715  2998914704
58618.12  2998914854
58622.117  2998914854
58629.72  2998915014
58646.445  2998915323
58647.574  2998915323
58653.086  2998915483
58654.48  2998915483
58665.74  2998915635
58667.79  2998915635
58678.223  2998915785
58679.434  2998915785
58683.08  2998915940
58684.277  2998915940
58688.133  2998916094
58689.246  2998916094
58702.277  2998916244
58703.53  2998916244
58711.055  2998916399
58712.617  2998916399
58720.754  2998916551
58724.18  2998916551
58728.36  2998916706
58729.316  2998916706
58731.777  2998916863
58733.035  2998916863
58738.582  2998917018
58739.758  2998917018
58752.44  2998917168
58753.496  2998917168
58756.1  2998917320
58761.2  2998917396
58777.37  2998917468
58786.965  2998917636
58797.254  2998917797
58804.63  2998917953
58806.04  2998917953
58809.062  2998918102
58810.254  2998918102
58813.977  2998918252
58815.23  2998918252
58822.523  2998918408
58823.848  2998918408
58827.64  2998918562
58900.27  2998918712
58903.387  2998918712
58907.41  2998918859
58908.973  2998918859
58916.71  2998919013
58920.55  2998919013
58927.027  2998919165
58928.688  2998919165
58953.035  2998919334
58956.426  2998919334
58967.26  2998919563
58983.637  2998919563
59029.418  2998919635
59030.87  2998919635
59042.285  2998919786
59103.684  2998919943
59104.8  2998919943
59115.65  2998920093
59121.793  2998920241
59129.47  2998920480
59130.605  2998920480
59139.293  2998920552
59140.715  2998920552
59163.93  2998920937
59165.004  2998920937
59187.973  2998921010
59192.152  2998921168
59193.363  2998921168
59199.414  2998921316
59200.684  2998921316
59206.44  2998921466
59210.4  2998921619
59211.58  2998921619
59217.957  2998921778
59219.047  2998921778
59226.03  2998921937
59227.18  2998921937
59231.855  2998922092
59233.035  2998922092
59240.2  2998922239
59246.1  2998922322
59248.195  2998922395
59254.0  2998922484
59263.844  2998922555
59271.625  2998922707
59274.703  2998922790
59279.24  2998922861
59287.863  2998923015
59289.316  2998923015
59294.883  2998923175
59295.99  2998923175
59314.26  2998923325
59316.04  2998923325
59325.668  2998923482
59326.855  2998923482
59330.594  2998923635
59334.42  2998923794
59335.68  2998923794
59348.836  2998923956
59353.62  2998924107
59354.793  2998924107
59363.504  2998924255
59364.824  2998924255
59377.2  2998924554
59388.61  2998924635
59398.703  2998924708
59411.945  2998924867
59413.45  2998924867
59419.11  2998925018
59420.31  2998925018
59435.734  2998925172
59437.066  2998925172
59439.93  2998925319
59445.38  2998925397
59459.83  2998925621
59461.15  2998925621
59466.06  2998925796
59467.22  2998925796
59473.06  2998925944
59486.676  2998926097
59488.203  2998926097
59494.492  2998926245
59498.984  2998926401
59500.57  2998926401
59503.312  2998926547
59504.7  2998926547
59511.152  2998926701
59512.348  2998926701
59516.883  2998926850
59517.867  2998926850
59520.53  2998927016
59521.746  2998927089
59533.176  2998927162
59592.39  2998927312
59593.543  2998927312
59606.44  2998927465
59610.688  2998927632
59612.16  2998927632
59614.863  2998927780
59616.164  2998927780
59621.96  2998927937
59628.61  2998928084
59629.617  2998928084
59637.285  2998928238
59638.504  2998928238
59646.613  2998928391
59652.477  2998928546
59653.58  2998928546
59662.19  2998928692
59663.45  2998928692
59669.207  2998928846
59670.516  2998928846
59703.312  2998929004
59717.223  2998929154
59718.402  2998929154
59724.086  2998929387
59725.43  2998929460
59726.582  2998929460
59741.293  2998929625
59744.08  2998929625
59750.895  2998929855
59757.734  2998929926
59758.953  2998929926
59770.906  2998930083
59772.17  2998930083
59777.62  2998930239
59778.75  2998930239
59791.74  2998930397
59793.13  2998930397
59804.76  2998930544
59808.87  2998930711
59810.086  2998930711
59814.53  2998930858
59818.152  2998930937
59847.547  2998931010
59853.363  2998931157
59860.094  2998931311
59861.33  2998931311
59872.355  2998931472
59873.668  2998931472
59887.24  2998931623
59894.586  2998931774
59898.617  2998931931
59903.84  2998932080
59910.57  2998932234
59914.82  2998932314
59939.37  2998932385
59946.27  2998932539
59947.47  2998932617
59950.87  2998932690
59952.082  2998932690
59956.793  2998932848
59967.52  2998932938
59972.0  2998933009
59973.273  2998933009
59975.645  2998933157
59976.766  2998933157
59984.465  2998933312
59987.79  2998933394
59990.043  2998933467
59991.31  2998933467
59995.016  2998933618
59996.383  2998933618
59998.68  2998933774
60000.098  2998933774
60129.48  2998933852
60249.586  2998933852
60369.83  2998933852
60489.598  2998933852
60609.348  2998933852
60731.75  2998933852
60849.445  2998933852
60969.453  2998933852
61090.09  2998933852
61202.87  2998933942
61204.168  2998933942
61304.42  2998934096
61305.62  2998934096
61310.99  2998934254
61317.73  2998934254
61331.94  2998934405
61333.246  2998934405
61343.0  2998934571
61350.51  2998934655
61358.25  2998935163
61361.383  2998935163
61362.555  2998935163
61363.824  2998935163
61365.2  2998935163
61374.35  2998935163
61480.11  2998935244
61481.297  2998935244
61495.363  2998935391
61496.637  2998935391
61500.375  2998935547
61501.57  2998935547
61504.152  2998935698
61506.848  2998935698
61519.848  2998935850
61525.484  2998935998
61529.38  2998936154
61530.65  2998936154
61535.363  2998936301
61536.957  2998936301
61561.633  2998936451
61564.906  2998936451
61568.508  2998936659
61573.12  2998936659
61574.676  2998936659
61689.63  2998936692
61695.61  2998936740
61721.633  2998936895
61730.7  2998937043
61734.63  2998937190
61735.906  2998937190
61738.375  2998937347
61739.473  2998937347
61765.312  2998937508
61766.57  2998937508
61771.6  2998937661
61775.766  2998937826
61777.066  2998937826
61782.57  2998937976
61786.117  2998938231
61789.336  2998938231
61797.69  2998938231
61798.92  2998938231
61808.62  2998938401
61809.977  2998938401
61814.688  2998938553
61818.37  2998938709
61819.547  2998938709
61826.414  2998938863
61827.625  2998938945
61829.09  2998939018
61830.293  2998939018
61836.1  2998939180
61846.082  2998939333
61847.41  2998939333
61854.113  2998939481
61855.312  2998939481
61858.176  2998939629
61859.34  2998939717
61869.598  2998939789
61891.84  2998939942
61893.117  2998939942
61898.12  2998940094
61906.715  2998940244
61907.94  2998940244
61910.55  2998940404
61911.71  2998940404
61922.645  2998940554
61924.367  2998940554
61928.914  2998940700
61930.12  2998940700
61945.598  2998940942
61996.375  2998941014
61997.55  2998941014
62003.18  2998941164
62004.465  2998941164
62014.53  2998941315
62017.39  2998941315
62023.645  2998941464
62030.38  2998941615
62089.56  2998941769
62102.617  2998941924
62103.832  2998941924
62113.23  2998942072
62116.758  2998942072
62128.53  2998942222
62132.64  2998942372
62133.867  2998942372
62139.637  2998942521
62140.996  2998942521
62143.78  2998942672
62144.97  2998942672
62149.71  2998942826
62158.18  2998942826
62166.6  2998942986
62171.844  2998942986
62178.773  2998943140
62179.918  2998943140
62192.965  2998943299
62206.203  2998943445
62209.38  2998943445
62214.098  2998943597
62217.668  2998943597
62222.09  2998943754
62223.414  2998943836
62229.797  2998944019
62231.008  2998944019
62234.17  2998944068
62239.02  2998944223
62240.523  2998944223
62249.37  2998944375
62254.527  2998944454
62260.027  2998944527
62270.895  2998944688
62272.062  2998944688
62281.227  2998944833
62288.727  2998945076
62291.438  2998945148
62292.656  2998945237
62301.95  2998945310
62303.277  2998945310
62308.754  2998945459
62309.805  2998945459
62316.875  2998945610
62328.027  2998945762
62329.684  2998945762
62336.184  2998945915
62340.67  2998945993
62349.984  2998946066
62351.65  2998946066
62364.246  2998946221
62368.1  2998946380
62369.453  2998946380
62373.156  2998946529
62374.664  2998946529
62395.12  2998946681
62409.965  2998946681
62421.508  2998946931
62422.64  2998946955
62423.863  2998947004
62445.82  2998947315
62446.984  2998947315
62493.457  2998947470
62494.88  2998947470
62499.85  2998947621
62506.203  2998947699
62508.97  2998947772
62516.816  2998947922
62522.4  2998947999
62527.89  2998948071
62532.176  2998948225
62533.426  2998948225
62536.402  2998948379
62546.496  2998948462
62597.64  2998948535
62609.367  2998948682
62623.43  2998948835
62626.96  2998948993
62628.59  2998948993
62632.18  2998949143
62633.58  2998949230
62643.11  2998949302
62644.24  2998949302
62653.1  2998949453
62654.47  2998949453
62706.758  2998949610
62711.83  2998949610
62715.875  2998949760
62717.094  2998949760
62719.7  2998949917
62723.508  2998949917
62729.246  2998950070
62730.242  2998950070
62735.824  2998950224
62737.09  2998950224
62742.48  2998950383
62743.766  2998950383
62749.48  2998950538
62750.74  2998950538
62753.6  2998950694
62754.91  2998950694
62760.98  2998950849
62762.22  2998950849
62769.574  2998951095
62773.76  2998951166
62779.797  2998951325
62781.22  2998951325
62786.594  2998951475
62793.402  2998951722
62795.2  2998951746
62796.695  2998951795
62804.277  2998951944
62805.78  2998951944
62818.043  2998952092
62819.89  2998952092
62827.652  2998952256
62834.027  2998952415
62836.383  2998952498
62839.5  2998952571
62864.883  2998952722
62869.113  2998952878
62875.78  2998952966
62877.38  2998953037
62878.664  2998953037
62887.965  2998953191
62889.305  2998953191
63016.168  2998953268
63058.125  2998953341
63059.22  2998953341
63064.426  2998953491
63068.28  2998953645
63069.598  2998953645
63078.8  2998953799
63080.07  2998953891
63082.49  2998953962
63083.863  2998953962
63095.266  2998954120
63096.746  2998954120
63102.305  2998954270
63108.83  2998954432
63110.09  2998954432
63120.355  2998954600
63121.535  2998954600
63172.676  2998954760
63175.543  2998954760
63180.848  2998954959
63182.14  2998954959
63183.77  2998954959
63305.043  2998955040
63307.586  2998955121
63390.4  2998955193
63510.6  2998955275
63516.035  2998955430
63516.72  2998955430
63524.492  2998955578
63525.17  2998955578
63565.375  2998955739
63566.453  2998955828
63574.52  2998955900
63576.273  2998956055
63576.98  2998956055
63583.906  2998956206
63589.836  2998956283
63592.637  2998956355
63593.41  2998956355
63597.28  2998956561
63601.688  2998956561
63602.574  2998956561
63716.914  2998956722
63719.93  2998956722
63720.727  2998956722
63836.504  2998956804
63840.195  2998956970
63840.832  2998956970
63850.844  2998957122
63853.223  2998957122
63858.09  2998957267
63859.793  2998957267
63863.438  2998957419
63865.402  2998957419
63879.836  2998957570
63883.188  2998957570
63885.613  2998957727
63889.758  2998957727
63891.25  2998957884
63892.254  2998957884
63963.016  2998958147
63963.64  2998958147
63970.22  2998958223
63980.613  2998958344
63981.582  2998958344
64100.5  2998958425
64102.8  2998958579
64103.406  2998958579
64106.25  2998958731
64110.81  2998958884
64111.33  2998958884
64112.77  2998959039
64113.24  2998959039
64116.098  2998959190
64116.44  2998959190
64118.48  2998959351
64119.273  2998959351
64122.727  2998959506
64123.406  2998959506
64124.633  2998959663
64128.66  2998959663
64131.13  2998959812
64132.06  2998959812
64139.836  2998960011
64143.254  2998960011
64261.066  2998960092
64264.168  2998960237
64264.72  2998960237
64266.016  2998960386
64266.914  2998960386
64272.867  2998960534
64275.64  2998960621
64280.652  2998960692
64283.73  2998960692
64287.39  2998960841
64287.945  2998960841
64288.727  2998961004
64289.137  2998961083
64289.86  2998961154
64290.54  2998961154
64295.176  2998961309
64296.355  2998961309
64298.164  2998961458
64298.74  2998961458
64310.18  2998961670
64312.555  2998961670
64317.82  2998961670
64425.1  2998961752
64429.93  2998961904
64430.98  2998961904
64436.008  2998962051
64436.89  2998962051
64446.44  2998962202
64447.45  2998962202
64456.363  2998962359
64457.508  2998962359
64461.453  2998962513
64464.777  2998962669
64470.65  2998962824
64471.715  2998962824
64473.285  2998962982
64476.215  2998963062
64488.594  2998963340
64492.59  2998963340
64496.0  2998963340
64608.33  2998963420
64699.34  2998963586
64703.434  2998963736
64704.516  2998963736
64706.7  2998963889
64707.645  2998963966
64726.34  2998964039
64738.938  2998964340
64739.53  2998964340
64742.69  2998964493
64743.332  2998964493
64748.35  2998964642
64753.043  2998964725
64755.543  2998964798
64758.582  2998964998
64759.27  2998964998
64760.0  2998964998
64877.902  2998965080
64914.18  2998965239
64914.668  2998965239
64919.613  2998965388
64926.105  2998965549
64927.188  2998965549
64937.004  2998965707
64941.93  2998965857
64942.207  2998965857
64942.94  2998966013
64943.34  2998966094
64944.41  2998966167
64945.01  2998966167
64946.695  2998966314
64947.07  2998966314
64955.074  2998966467
64956.46  2998966467
64958.543  2998966670
64960.883  2998966670
64962.133  2998966670
65078.812  2998966752
65081.22  2998966908
65082.016  2998966908
65089.613  2998967058
65093.0  2998967207
65093.574  2998967207
65099.23  2998967359
65099.67  2998967359
65105.023  2998967517
65105.54  2998967517
65140.047  2998967661
65144.785  2998967829
65147.414  2998967829
65157.4  2998967977
65173.203  2998968134
65176.36  2998968336
65177.18  2998968336
65178.01  2998968336
65297.73  2998968417
65298.977  2998968576
65299.266  2998968576
65300.41  2998968738
65301.79  2998968738
65319.453  2998968897
65320.418  2998968897
65322.277  2998969060
65323.082  2998969144
65329.42  2998969217
65336.453  2998969384
65392.17  2998969536
65394.457  2998969536
65397.598  2998969693
65399.535  2998969847
65401.965  2998969847
65405.7  2998970052
65406.547  2998970052
65407.254  2998970052
65526.875  2998970133
65535.297  2998970288
65536.945  2998970288
65538.11  2998970439
65538.42  2998970439
65539.04  2998970588
65583.305  2998970755
65584.16  2998970755
65587.9  2998970903
65588.414  2998970903
65590.305  2998971053
65591.22  2998971053
65629.34  2998971214
65677.08  2998971364
65678.12  2998971519
65679.07  2998971718
65679.37  2998971718
65799.33  2998971751
65801.28  2998971800
65802.76  2998971961
65803.55  2998971961
65810.72  2998972113
65817.086  2998972272
65817.69  2998972272
65823.53  2998972419
65823.984  2998972419
65844.625  2998972574
65846.22  2998972574
65852.77  2998972723
65858.734  2998972870
65860.35  2998972953
65906.9  2998973025
65907.47  2998973025
65908.64  2998973180
65909.086  2998973180
65914.914  2998973423
65917.06  2998973423
65917.836  2998973423
65922.25  2998973574
65934.234  2998973733
65952.69  2998973887
65956.59  2998974053
65958.81  2998974206
65962.18  2998974206
65966.195  2998974358
65967.26  2998974358
65974.65  2998974520
65978.03  2998974520
65999.29  2998974673
66007.1  2998974830
66010.734  2998974830
66012.48  2998974985
66013.13  2998974985
66017.05  2998975146
66017.336  2998975146
66019.51  2998975304
66020.016  2998975304
66022.73  2998975698
66022.99  2998975698
66038.336  2998975770
66041.34  2998975927
66043.875  2998975927
66048.68  2998976075
66049.484  2998976075
66051.11  2998976231
66051.88  2998976231
66057.98  2998976380
66062.85  2998976458
66065.65  2998976531
66066.37  2998976531
66071.68  2998976699
66072.484  2998976699
66075.65  2998976852
66077.28  2998976852
66085.25  2998977010
66093.72  2998977156
66100.34  2998977312
66101.445  2998977312
66106.91  2998977468
66109.75  2998977468
66117.24  2998977623
66118.09  2998977623
66121.36  2998977770
66124.375  2998977929
66127.266  2998977929
66132.305  2998978091
66132.71  2998978091
66145.17  2998978246
66145.695  2998978246
66148.664  2998978394
66149.375  2998978394
66154.62  2998978543
66154.93  2998978543
66155.73  2998978693
66156.16  2998978693
66164.39  2998978853
66166.07  2998978853
66178.516  2998979007
66186.71  2998979007
66193.12  2998979156
66193.8  2998979156
66199.26  2998979313
66199.84  2998979313
66205.74  2998979466
66209.81  2998979552
66214.39  2998979623
66220.54  2998979774
66224.77  2998979852
66225.66  2998979924
66227.02  2998980082
66227.27  2998980082
66233.82  2998980232
66234.055  2998980232
66239.17  2998980385
66239.45  2998980460
66250.42  2998980531
66255.74  2998980685
66255.92  2998980770
66256.56  2998980842
66257.09  2998980842
66306.83  2998981002
66312.72  2998981156
66314.586  2998981233
66316.664  2998981305
66319.086  2998981456
66320.86  2998981536
66323.02  2998981609
66326.29  2998981778
66333.96  2998981931
66334.31  2998981931
66339.086  2998982076
66340.31  2998982076
66341.625  2998982236
66342.875  2998982236
66345.0  2998982392
66345.266  2998982392
66346.164  2998982549
66346.695  2998982628
66354.33  2998982701
66355.51  2998982701
66360.69  2998982862
66363.19  2998983021
66363.73  2998983021
66367.945  2998983177
66368.42  2998983177
66381.46  2998983409
66411.36  2998983481
66413.055  2998983481
66418.33  2998983634
66418.74  2998983634
66421.11  2998983784
66421.44  2998983784
66425.625  2998983939
66429.13  2998983939
66434.82  2998984086
66435.45  2998984086
66438.58  2998984244
66438.98  2998984244
66443.66  2998984397
66446.08  2998984551
66447.875  2998984551
66450.64  2998984708
66451.19  2998984708
66453.34  2998984863
66453.625  2998984863
66455.06  2998985013
66459.37  2998985167
66460.55  2998985167
66465.234  2998985321
66465.84  2998985321
66469.08  2998985475
66472.13  2998985626
66472.83  2998985626
66479.3  2998985780
66481.52  2998985935
66485.96  2998986088
66491.09  2998986168
66503.41  2998986241
66505.266  2998986395
66505.92  2998986395
66514.19  2998986554
66515.83  2998986711
66516.195  2998986711
66518.055  2998986868
66518.4  2998986868
66519.96  2998987030
66520.336  2998987030
66530.93  2998987193
66534.61  2998987348
66535.6  2998987348
66538.51  2998987499
66538.95  2998987499
66539.914  2998987655
66540.16  2998987655
66541.49  2998987809
66548.78  2998987958
66550.13  2998987958
66561.67  2998988109
66565.164  2998988268
66565.57  2998988268
66570.83  2998988417
66571.02  2998988417
66571.695  2998988575
66572.65  2998988575
66575.97  2998988730
66578.06  2998988730
66579.7  2998988880
66580.12  2998988880
66584.93  2998989028
66589.586  2998989176
66589.82  2998989176
66591.76  2998989324
66592.16  2998989324
66592.82  2998989479
66593.72  2998989632
66594.164  2998989632
66595.766  2998989792
66599.52  2998989949
66600.3  2998990036
66601.07  2998990108
66608.17  2998990266
66610.32  2998990266
66614.664  2998990417
66615.86  2998990492
66620.49  2998990564
66631.836  2998990721
66634.21  2998990874
66647.44  2998991027
66652.42  2998991183
66654.94  2998991259
66695.01  2998991415
66698.38  2998991487
66699.86  2998991487
66704.12  2998991650
66706.13  2998991811
66706.4  2998991811
66707.47  2998991967
66708.5  2998992120
66710.89  2998992216
66713.1  2998992288
66720.45  2998992440
66721.01  2998992440
66735.44  2998992594
66735.83  2998992594
66740.79  2998992745
66745.945  2998992901
66759.04  2998993053
66760.72  2998993211
66760.945  2998993211
66761.44  2998993361
66762.9  2998993513
66763.19  2998993513
66773.2  2998993666
66773.836  2998993666
66828.96  2998993823
66833.49  2998993976
66839.78  2998994134
66840.77  2998994134
66841.58  2998994283
66842.664  2998994516
66843.555  2998994588
66844.01  2998994672
66926.19  2998994744
66926.4  2998994744
66934.97  2998994899
66935.91  2998995057
66938.43  2998995057
66944.695  2998995215
66961.64  2998995370
66962.4  2998995370
66963.305  2998995520
66963.64  2998995599
66964.49  2998995671
66965.016  2998995763
66968.016  2998995835
66969.13  2998995993
66969.89  2998996154
66970.1  2998996154
66970.9  2998996314
66972.07  2998996314
66976.586  2998996463
66978.87  2998996611
66979.5  2998996611
66983.87  2998996758
66991.19  2998996906
66992.12  2998997067
66992.53  2998997067
66998.69  2998997216
67000.2  2998997216
67004.74  2998997376
67004.95  2998997376
67005.77  2998997542
67006.9  2998997542
67011.17  2998997782
67012.266  2998997853
67012.58  2998997853
67013.64  2998998005
67014.03  2998998005
67016.73  2998998159
67021.05  2998998308
67021.56  2998998308
67024.9  2998998475
67026.71  2998998621
67027.32  2998998621
67036.39  2998998779
67036.586  2998998779
67037.29  2998998927
67037.64  2998999004
67038.33  2998999077
67038.695  2998999077
67043.52  2998999231
67045.14  2998999380
67046.54  2998999380
67105.51  2998999538
67106.63  2998999538
67110.56  2998999691
67111.19  2998999691
67119.34  2998999845
67119.87  2998999845
67121.54  2998999994
67122.086  2998999994
67126.9  2999000150
67127.74  2999000305
67129.17  2999000388
67131.29  2999000460
67131.48  2999000460
67132.72  2999000609
67134.125  2999000609
67137.16  2999000764
67138.13  2999000764
67139.01  2999000937
67139.37  2999000937
67140.51  2999001093
67143.5  2999001244
67143.77  2999001244
67146.625  2999001394
67146.984  2999001394
67150.74  2999001543
67151.23  2999001543
67156.516  2999001698
67157.3  2999001698
67161.945  2999001855
67165.805  2999002008
67171.11  2999002159
67174.57  2999002307
67174.766  2999002307
67180.29  2999002463
67180.5  2999002463
67209.46  2999002623
67209.82  2999002623
67214.49  2999002774
67214.945  2999002774
67219.19  2999002929
67219.55  2999002929
67221.414  2999003162
67221.87  2999003186
67223.21  2999003233
67223.61  2999003233
67239.18  2999003380
67239.73  2999003464
67243.92  2999003537
67245.42  2999003537
67248.4  2999003687
67250.41  2999003847
67250.67  2999003847
67254.34  2999004005
67255.88  2999004167
67256.24  2999004167
67259.59  2999004321
67260.24  2999004468
67265.164  2999004771
67265.41  2999004850
67268.25  2999004923
67269.09  2999004923
67272.91  2999005082
67273.24  2999005082
67276.76  2999005230
67277.016  2999005230
67281.51  2999005386
67281.766  2999005386
67282.93  2999005538
67283.195  2999005538
67289.48  2999005693
67289.7  2999005693
67295.766  2999005851
67296.12  2999005851
67300.4  2999006001
67301.516  2999006154
67301.805  2999006154
67303.92  2999006154
67306.94  2999006302
67308.35  2999006386
67311.26  2999006459
67314.02  2999006608
67314.266  2999006608
67317.83  2999006770
67320.99  2999006918
67321.914  2999007074
67322.18  2999007074
67323.44  2999007223
67323.664  2999007223
67328.05  2999007375
67328.305  2999007375
67329.64  2999007528
67330.03  2999007528
67330.72  2999007678
67330.97  2999007678
67335.69  2999007912
67335.91  2999007912
67336.875  2999007984
67337.31  2999007984
67349.41  2999008135
67349.64  2999008135
67439.31  2999008300
67447.12  2999008467
67454.0  2999008618
67456.73  2999008768
67457.125  2999008768
67461.46  2999008918
67461.83  2999008918
67465.34  2999009077
67467.81  2999009182
67468.02  2999009231
67468.32  2999009231
67474.12  2999009385
67474.57  2999009385
67481.11  2999009534
67485.22  2999009611
67486.67  2999009683
67489.59  2999009842
67498.06  2999010105
67498.266  2999010153
67499.055  2999010230
67500.6  2999010302
67504.55  2999010460
67508.36  2999010543
67520.33  2999010615
67521.83  2999010785
67522.445  2999010785
67523.93  2999010937
67524.32  2999010937
67527.945  2999011084
67532.41  2999011252
67536.98  2999011405
67539.59  2999011492
67553.9  2999011565
67554.74  2999011718
67554.97  2999011718
67555.836  2999011879
67556.195  2999011879
67561.6  2999012053
67563.38  2999012139
67564.62  2999012211
67564.914  2999012211
67569.19  2999012365
67570.72  2999012447
67571.734  2999012519
67571.93  2999012519
67574.2  2999012671
67574.77  2999012748
67581.77  2999012821
67587.64  2999012989
67588.54  2999013074
67597.06  2999013147
67602.74  2999013307
67603.18  2999013307
67603.914  2999013463
67604.516  2999013556
67606.51  2999013627
67606.984  2999013627
67607.65  2999013782
67607.99  2999013782
67612.81  2999013932
67618.71  2999014078
67623.33  2999014239
67623.58  2999014318
67632.375  2999014390
67637.69  2999014541
67645.09  2999014692
67648.62  2999014780
67651.75  2999014853
67658.07  2999015006
67658.94  2999015006
67667.0  2999015160
67669.34  2999015160
67670.83  2999015320
67671.25  2999015320
67679.055  2999015485
67679.94  2999015485
67689.93  2999015633
67690.664  2999015798
67690.9  2999015798
67697.266  2999015951
67697.52  2999015951
67708.21  2999016106
67712.63  2999016264
67713.055  2999016339
67716.164  2999016410
67722.91  2999016562
67724.47  2999016727
67724.836  2999016801
67725.8  2999016873
67734.055  2999017025
67734.25  2999017025
67737.89  2999017176
67743.82  2999017324
67745.55  2999017324
67747.11  2999017568
67748.48  2999017568
67748.945  2999017641
67750.195  2999017800
67752.06  2999017800
67754.33  2999017953
67756.27  2999017953
67758.44  2999018104
67758.67  2999018104
67763.586  2999018252
67764.375  2999018407
67768.84  2999018561
67769.125  2999018561
67774.164  2999018712
67778.43  2999018875
67779.516  2999019021
67780.4  2999019021
67793.53  2999019175
67795.12  2999019175
67799.88  2999019329
67800.72  2999019403
67801.83  2999019475
67803.59  2999019475
67811.18  2999019635
67811.836  2999019783
67814.74  2999019783
67819.445  2999019930
67826.055  2999020078
67826.414  2999020159
67827.016  2999020232
67847.586  2999020387
67848.43  2999020387
67860.734  2999020537
67860.95  2999020537
67865.06  2999020694
67865.74  2999020694
67871.625  2999020850
67871.83  2999020850
67888.21  2999021160
67889.02  2999021248
67889.68  2999021321
67896.625  2999021472
67898.41  2999021637
67898.67  2999021637
67899.75  2999021795
67902.766  2999021950
67903.52  2999021950
67911.25  2999022108
67912.08  2999022254
67912.766  2999022254
67919.8  2999022401
67920.48  2999022401
67921.55  2999022559
67921.72  2999022559
67922.586  2999022713
67922.766  2999022792
67929.43  2999022865
67929.69  2999022865
67937.36  2999023099
67938.5  2999023171
67939.87  2999023317
67940.05  2999023317
67940.51  2999023470
67941.305  2999023470
67944.75  2999023620
67955.04  2999023769
67961.64  2999024009
67965.24  2999024082
67967.13  2999024230
67967.32  2999024230
67981.76  2999024387
67985.74  2999024544
67987.11  2999024544
67994.97  2999024692
67995.88  2999024767
68001.1  2999024988
68001.49  2999024988
68004.055  2999025139
68008.39  2999025289
68008.58  2999025289
68015.945  2999025442
68016.64  2999025602
68017.05  2999025679
68019.6  2999025752
68019.79  2999025752
68027.79  2999025901
68028.32  2999025901
68033.44  2999026052
68037.72  2999026207
68043.76  2999026363
68044.18  2999026363
68051.81  2999026511
68052.87  2999026598
68053.484  2999026669
68061.19  2999026830
68062.93  2999026993
68063.195  2999026993
68065.97  2999027150
68068.51  2999027301
68070.14  2999027301
68085.664  2999027459
68085.84  2999027459
68092.32  2999027607
68097.805  2999027758
68098.26  2999027758
68102.46  2999027912
68102.76  2999027999
68105.76  2999028072
68108.58  2999028223
68111.81  2999028368
68124.55  2999028607
68126.734  2999028771
68129.125  2999028843
68136.945  2999029071
68137.56  2999029144
68138.914  2999029300
68139.92  2999029378
68140.484  2999029451
68146.875  2999029602
68147.28  2999029602
68149.125  2999029753
68153.82  2999029910
68154.1  2999029910
68156.4  2999030068
68156.63  2999030068
68159.2  2999030293
68161.32  2999030365
68162.38  2999030520
68162.84  2999030597
68163.4  2999030669
68165.51  2999030819
68166.14  2999030906
68166.586  2999030977
68172.2  2999031129
68178.65  2999031283
68183.79  2999031434
68184.49  2999031434
68186.195  2999031585
68193.516  2999031737
68195.625  2999031889
68196.586  2999031889
68199.36  2999032035
68200.336  2999032035
68205.516  2999032189
68205.72  2999032189
68208.56  2999032344
68213.76  2999032492
68304.68  2999032644
68305.56  2999032644
68313.97  2999032796
68314.98  2999032879
68316.6  2999032951
68318.734  2999033106
68321.78  2999033183
68323.71  2999033256
68329.11  2999033400
68332.445  2999033555
68332.74  2999033555
68340.734  2999033713
68340.984  2999033713
68344.79  2999033863
68356.86  2999034020
68370.875  2999034179
68371.08  2999034179
68377.195  2999034335
68385.72  2999034491
68386.86  2999034575
68387.51  2999034646
68387.98  2999034723
68390.805  2999034795
68391.45  2999034949
68391.7  2999035027
68392.18  2999035099
68392.58  2999035099
68396.41  2999035257
68397.336  2999035257
68404.12  2999035408
68404.29  2999035486
68406.26  2999035558
68408.21  2999035715
68408.89  2999035715
68411.02  2999035869
68412.7  2999035954
68414.81  2999035954
68415.76  2999036027
68535.484  2999036060
68536.68  2999036108
68537.695  2999036186
68538.336  2999036258
68658.16  2999036339
68658.77  2999036492
68659.0  2999036492
68661.17  2999036643
68781.734  2999036724
68784.08  2999036881
68786.414  2999036881
68903.46  2999036914
68903.78  2999036961
68904.14  2999036961
68997.29  2999037109
68997.57  2999037109
69002.305  2999037265
69002.66  2999037265
69007.37  2999037390
69008.79  2999037558
69012.805  2999037646
69013.08  2999037693
69014.63  2999037810
69017.57  2999037810
69134.18  2999037891
69136.18  2999038117
69136.445  2999038117
69139.7  2999038117
69255.75  2999038326
69255.945  2999038326
69259.086  2999038326
69259.54  2999038409
69261.35  2999038433
69262.28  2999038482
69381.766  2999038564
69383.664  2999038688
69384.5  2999038759
69384.92  2999038837
69395.99  2999038910
69402.65  2999039185
69404.14  2999039185
69404.76  2999039306
69405.06  2999039395
69409.91  2999039395
69410.47  2999039515
69410.69  2999039593
69412.2  2999039593
69412.62  2999039759
69412.83  2999039759
69532.79  2999039840
69535.48  2999040076
69538.3  2999040076
69656.38  2999040186
69658.805  2999040186
69662.36  2999040337
69663.016  2999040337
69665.04  2999040415
69665.94  2999040536
69666.336  2999040628
69666.336  2999040628
69674.18  2999040744
69674.54  2999040819
69676.305  2999040819
69677.29  2999040937
69677.49  2999041024
69679.25  2999041071
69681.13  2999041140
69681.51  2999041227
69685.78  2999041227
69687.75  2999041346
69688.805  2999041432
69690.91  2999041553
69691.35  2999041637
69692.95  2999041637
69700.766  2999041805
69701.125  2999041805
69704.03  2999041805
69815.086  2999041885
69820.07  2999041970
69820.51  2999042086
69820.72  2999042174
69822.26  2999042174
69822.74  2999042292
69822.99  2999042367
69824.516  2999042414
69825.54  2999042485
69826.24  2999042560
69831.41  2999042560
69833.51  2999042752
69833.7  2999042752
69834.52  2999042752
69838.26  2999042869
69838.445  2999042869
69841.74  2999042950
69842.73  2999043067
69842.96  2999043067
69848.79  2999043147
69850.99  2999043264
69851.234  2999043264
69860.375  2999043346
69860.86  2999043467
69861.13  2999043467
69865.03  2999043590
69865.88  2999043661
69866.055  2999043661
69868.76  2999043855
69869.04  2999043855
69874.37  2999043938
69875.31  2999044054
69875.51  2999044138
69877.22  2999044138
69877.75  2999044255
69877.945  2999044336
69882.17  2999044336
69883.06  2999044454
69883.336  2999044454
69894.51  2999044530
69895.86  2999044728
69896.1  2999044728
69897.82  2999044728
69898.234  2999044846
69898.45  2999044949
69898.734  2999044996
69900.73  2999045067
69901.5  2999045067
69923.49  2999045143
69925.81  2999045259
69926.55  2999045259
69934.8  2999045345
69935.73  2999045462
69935.92  2999045462
69943.69  2999045545
69944.6  2999045662
69944.805  2999045662
69946.72  2999045753
69947.57  2999045869
69947.96  2999045952
69948.055  2999045999
69948.516  2999046069
69949.78  2999046069
69958.33  2999046166
69961.73  2999046283
69962.0  2999046283
69965.23  2999046363
69966.19  2999046479
69966.36  2999046479
69982.02  2999046560
69983.07  2999046676
69983.734  2999046754
69984.24  2999046872
69984.53  2999046946
69984.75  2999046993
69985.27  2999047064
69987.54  2999047147
69988.15  2999047263
69989.33  2999047341
69991.15  2999047341
69992.15  2999047458
69992.43  2999047543
69998.484  2999047543
70002.516  2999047661
70002.96  2999047740
70015.58  2999047842
70015.77  2999047842
70020.62  2999047922
70021.72  2999048039
70022.53  2999048039
70028.195  2999048120
70029.195  2999048237
70029.37  2999048322
70031.39  2999048322
70041.2  2999048439
70041.39  2999048439
70050.336  2999048565
70052.63  2999048636
70054.24  2999048636
70057.7  2999048716
70058.16  2999048833
70058.375  2999048916
70060.336  2999048916
70061.9  2999049034
70064.02  2999049172
70066.46  2999049243
70066.79  2999049243
70072.766  2999049329
70074.0  2999049447
70074.28  2999049527
70074.52  2999049574
70079.055  2999049645
70079.26  2999049645
70083.516  2999049721
70086.484  2999049837
70086.76  2999049837
70088.766  2999049916
70090.055  2999050032
70091.125  2999050108
70096.24  2999050108
70097.04  2999050225
70097.28  2999050225
70102.414  2999050304
70103.484  2999050420
70105.445  2999050499
70115.7  2999050546
70117.94  2999050616
70118.17  2999050616
70126.4  2999050698
70127.35  2999050814
70127.53  2999050892
70129.44  2999050892
70131.96  2999051008
70132.266  2999051008
70134.52  2999051203
70136.766  2999051203
70139.805  2999051289
70140.2  2999051405
70140.44  2999051481
70142.23  2999051481
70143.21  2999051599
70143.586  2999051599
70144.805  2999051796
70145.164  2999051880
70145.23  2999051927
70146.586  2999051997
70146.85  2999051997
70149.82  2999052199
70150.8  2999052287
70151.73  2999052403
70152.164  2999052403
70161.23  2999052528
70164.31  2999052599
70164.65  2999052599
70165.84  2999052684
70168.805  2999052802
70169.27  2999052885
70176.65  2999052987
70176.836  2999052987
70181.61  2999053181
70181.82  2999053181
70187.64  2999053257
70188.42  2999053374
70188.836  2999053452
70189.24  2999053452
70192.58  2999053570
70192.8  2999053570
70197.99  2999053693
70200.266  2999053763
70200.445  2999053763
70212.17  2999053840
70215.62  2999053957
70215.836  2999053957
70227.2  2999054153
70227.4  2999054153
70238.41  2999054284
70238.836  2999054354
70240.95  2999054485
70241.53  2999054556
70242.98  2999054556
70246.96  2999054642
70248.055  2999054760
70248.25  2999054760
70251.08  2999054951
70251.25  2999055033
70256.375  2999055080
70256.77  2999055150
70258.445  2999055150
70262.5  2999055226
70266.125  2999055343
70266.97  2999055430
70271.32  2999055430
70272.41  2999055547
70272.68  2999055547
70277.38  2999055671
70278.23  2999055742
70280.52  2999055817
70283.734  2999056000
70285.09  2999056118
70285.31  2999056118
70291.94  2999056312
70292.15  2999056312
70293.73  2999056389
70294.86  2999056505
70295.13  2999056583
70295.45  2999056630
70296.34  2999056699
70297.9  2999056699
70300.625  2999056779
70301.07  2999056896
70301.43  2999056972
70347.24  2999057019
70348.445  2999057089
70350.15  2999057089
70356.38  2999057171
70358.88  2999057287
70360.29  2999057287
70362.91  2999057421
70364.5  2999057491
70364.8  2999057491
70366.586  2999057620
70370.914  2999057691
70372.7  2999057893
70375.555  2999058022
70376.04  2999058092
70377.78  2999058092
70380.88  2999058177
70382.4  2999058295
70383.555  2999058372
70384.75  2999058372
70385.55  2999058489
70385.86  2999058489
70387.95  2999058685
70391.22  2999058765
70391.53  2999058812
70393.445  2999058882
70396.03  2999058882
70398.69  2999058971
70399.7  2999059088
70400.0  2999059088
70425.98  2999059166
70441.84  2999059284
70442.02  2999059284
70444.086  2999059496
70444.41  2999059586
70444.445  2999059633
70444.85  2999059704
70445.12  2999059789
70449.625  2999059789
70450.945  2999059907
70451.125  2999059983
70451.34  2999060030
70452.19  2999060100
70452.4  2999060100
70460.5  2999060236
70461.31  2999060306
70461.5  2999060306
70462.195  2999060502
70462.586  2999060592
70466.82  2999060592
70467.33  2999060708
70467.53  2999060708
70471.97  2999060783
70472.98  2999060901
70474.09  2999061028
70474.09  2999061028
70474.875  2999061097
70475.05  2999061097
70477.516  2999061292
70478.92  2999061367
70481.836  2999061367
70482.28  2999061484
70483.11  2999061570
70484.04  2999061617
70484.98  2999061686
70485.33  2999061686
70488.72  2999061768
70490.64  2999061886
70492.05  2999061886
70498.414  2999062089
70508.59  2999062288
70508.77  2999062288
70510.54  2999062366
70512.48  2999062484
70512.66  2999062484
70517.56  2999062564
70518.375  2999062681
70519.22  2999062681
70523.74  2999062811
70524.65  2999062881
70525.8  2999062881
70529.8  2999063088
70530.07  2999063088
70538.125  2999063173
70548.56  2999063289
70549.03  2999063367
70549.414  2999063367
70550.3  2999063485
70550.83  2999063579
70554.38  2999063579
70555.08  2999063694
70555.375  2999063694
70564.8  2999063777
70567.59  2999063895
70567.95  2999063895
70573.02  2999063970
70573.555  2999064087
70575.44  2999064167
70578.61  2999064283
70578.81  2999064283
70583.414  2999064361
70583.82  2999064478
70584.03  2999064562
70584.22  2999064609
70584.6  2999064680
70584.86  2999064759
70591.07  2999064806
70591.59  2999064876
70592.06  2999064959
70595.02  2999065062
70598.555  2999065146
70601.375  2999065146
70604.19  2999065263
70605.68  2999065263
70609.35  2999065347
70610.39  2999065465
70611.39  2999065545
70612.305  2999065545
70612.84  2999065663
70613.27  2999065747
70617.664  2999065747
70621.63  2999065863
70621.9  2999065950
70623.71  2999065950
70624.414  2999066068
70624.67  2999066145
70624.95  2999066192
70625.46  2999066263
70626.63  2999066338
70627.53  2999066338
70628.65  2999066455
70629.945  2999066543
70630.805  2999066543
70631.7  2999066660
70632.13  2999066660
70636.6  2999066746
70637.766  2999066863
70638.016  2999066863
70643.12  2999066938
70645.9  2999067054
70646.086  2999067054
70648.13  2999067253
70648.36  2999067253
70653.14  2999067334
70655.53  2999067451
70656.41  2999067531
70657.836  2999067647
70658.234  2999067723
70658.71  2999067723
70659.73  2999067840
70660.12  2999067929
70662.69  2999067976
70663.58  2999068046
70664.19  2999068046
70670.49  2999068123
70709.664  2999068240
70710.14  2999068333
70711.95  2999068380
70715.766  2999068449
70715.984  2999068449
70721.1  2999068581
70721.42  2999068652
70723.6  2999068779
70737.164  2999068850
70737.484  2999068850
70739.67  2999069048
70739.91  2999069132
70740.13  2999069179
70740.56  2999069250
70741.305  2999069386
70741.5  2999069386
70743.53  2999069457
70744.07  2999069543
70744.69  2999069590
70745.18  2999069661
70745.52  2999069661
70760.5  2999069748
70760.99  2999069866
70761.63  2999069944
70763.125  2999069991
70763.58  2999070062
70764.055  2999070147
70768.94  2999070147
70770.04  2999070264
70770.26  2999070352
70772.305  2999070352
70773.09  2999070469
70773.47  2999070469
70796.36  2999070549
70801.38  2999070666
70803.1  2999070666
70805.1  2999070745
70809.445  2999070861
70810.625  2999070861
70815.65  2999070942
70816.24  2999071059
70818.92  2999071267
70819.125  2999071348
70820.94  2999071348
70821.625  2999071465
70821.89  2999071546
70822.125  2999071593
70822.5  2999071664
70822.99  2999071791
70823.44  2999071862
70823.71  2999071941
70824.02  2999071988
70824.28  2999072059
70824.53  2999072147
70825.11  2999072147
70825.695  2999072264
70825.87  2999072343
70826.08  2999072390
70826.86  2999072460
70827.3  2999072542
70827.53  2999072589
70828.31  2999072660
70828.484  2999072660
70831.49  2999072855
70831.664  2999072855
70837.87  2999072944
70839.164  2999073061
70839.77  2999073139
70841.01  2999073139
70841.55  2999073254
70843.28  2999073254
70846.84  2999073382
70847.4  2999073452
70847.984  2999073528
70859.45  2999073575
70860.33  2999073644
70861.195  2999073724
70862.62  2999073842
70862.984  2999073842
70870.23  2999073921
70870.84  2999074038
70871.18  2999074038
70875.664  2999074178
70876.086  2999074249
70876.36  2999074249
70879.51  2999074339
70880.016  2999074455
70880.305  2999074455
70888.05  2999074532
70889.81  2999074649
70890.01  2999074649
70896.03  2999074729
70896.46  2999074846
70896.67  2999074923
70897.29  2999075039
70897.516  2999075125
70899.06  2999075172
70899.39  2999075242
70899.62  2999075242
70902.81  2999075323
70903.76  2999075441
70903.94  2999075520
70905.72  2999075520
70907.95  2999075637
70908.62  2999075719
70910.414  2999075743
70913.055  2999075822
70913.24  2999075822
70914.54  2999076023
70916.625  2999076023
70919.23  2999076105
70920.0  2999076223
70921.78  2999076223
70923.95  2999076310
70929.9  2999076427
70930.62  2999076508
70931.25  2999076625
70931.555  2999076625
70934.734  2999076703
70936.92  2999076820
70939.53  2999076820
70943.07  2999076944
70943.484  2999077014
70944.46  2999077014
70946.93  2999077139
70947.35  2999077209
70949.63  2999077411
70949.81  2999077495
70951.48  2999077542
70952.31  2999077612
70952.54  2999077612
70960.02  2999077738
70961.4  2999077809
70962.125  2999077809
70967.305  2999077885
70968.3  2999078002
70968.516  2999078002
70977.586  2999078081
70978.83  2999078198
70982.0  2999078276
70982.81  2999078276
70983.3  2999078393
70983.58  2999078472
70985.18  2999078472
70986.41  2999078588
70986.625  2999078588
70990.195  2999078691
70990.75  2999078807
70991.43  2999078894
70992.75  2999078941
70994.82  2999079012
70995.01  2999079012
70996.36  2999079218
70996.555  2999079309
70998.15  2999079309
70999.36  2999079427
71000.35  2999079513
71000.766  2999079560
71002.62  2999079763
71004.18  2999079834
71004.414  2999079834
71005.55  2999080027
71005.766  2999080027
71009.055  2999080105
71010.49  2999080221
71010.72  2999080301
71021.24  2999080418
71021.414  2999080418
71022.53  2999080615
71022.73  2999080697
71024.22  2999080697
71025.05  2999080814
71026.27  2999080814
71029.84  2999080901
71032.39  2999081220
71033.234  2999081302
71034.2  2999081302
71034.75  2999081420
71034.94  2999081504
71035.555  2999081504
71036.445  2999081622
71036.78  2999081713
71038.234  2999081713
71038.74  2999081831
71038.98  2999081922
71043.21  2999081922
71043.625  2999082038
71043.836  2999082111
71045.43  2999082111
71048.0  2999082229
71048.51  2999082319
71049.836  2999082319
71050.914  2999082437
71051.086  2999082437
71055.234  2999082517
71056.27  2999082634
71056.5  2999082634
71060.21  2999082756
71061.07  2999082826
71061.29  2999082826
71064.945  2999082957
71065.85  2999083028
71066.02  2999083028
71066.26  2999083149
71066.66  2999083219
71066.914  2999083304
71068.48  2999083351
71070.8  2999083422
71071.17  2999083507
71072.54  2999083554
71072.96  2999083624
71073.42  2999083753
71073.86  2999083824
71074.05  2999083824
71081.22  2999083945
71081.57  2999084015
71082.31  2999084102
71082.59  2999084205
71083.19  2999084281
71087.01  2999084281
71087.5  2999084397
71087.85  2999084476
71088.3  2999084594
71088.51  2999084670
71090.055  2999084717
71090.43  2999084786
71090.664  2999084786
71096.43  2999084862
71103.92  2999084979
71104.57  2999084979
71108.58  2999085104
71109.4  2999085175
71109.78  2999085255
71111.586  2999085371
71111.8  2999085371
71112.48  2999085500
71113.34  2999085571
71114.266  2999085657
71115.14  2999085657
71116.26  2999085773
71116.52  2999085853
71117.27  2999085853
71121.016  2999085971
71121.19  2999085971
71123.45  2999086153
71123.71  2999086153
71129.13  2999086278
71130.84  2999086349
71131.02  2999086349
71136.76  2999086477
71137.555  2999086547
71137.73  2999086547
71138.0  2999086625
71138.88  2999086743
71139.37  2999086823
71140.4  2999086940
71141.81  2999086940
71146.85  2999087025
71177.445  2999087143
71178.51  2999087143
71188.86  2999087232
71189.586  2999087350
71190.83  2999087350
71194.44  2999087474
71195.125  2999087545
71195.95  2999087629
71197.5  2999087629
71199.805  2999087746
71199.984  2999087830
71204.08  2999087830
71204.5  2999087948
71204.734  2999088031
71206.195  2999088078
71208.09  2999088231
71208.445  2999088231
71209.4  2999088231
71211.1  2999088348
71211.44  2999088348
71224.31  2999088437
71243.46  2999088554
71244.81  2999088685
71249.15  2999088756
71254.19  2999088838
71254.41  2999088885
71259.1  2999088956
71259.39  2999088956
71264.914  2999089040
71266.32  2999089157
71272.19  2999089288
71273.21  2999089358
71277.78  2999089550
71278.17  2999089550
71280.45  2999089625
71281.33  2999089743
71281.68  2999089743
71286.195  2999089825
71286.74  2999089942
71289.25  2999090020
71290.516  2999090136
71293.86  2999090217
71298.31  2999090217
71299.445  2999090334
71299.9  2999090409
71301.84  2999090456
71302.555  2999090527
71303.5  2999090601
71304.37  2999090648
71304.805  2999090718
71311.25  2999090913
71311.55  2999090913
71316.375  2999090988
71316.93  2999091105
71318.836  2999091105
71321.984  2999091188
71323.266  2999091305
71323.89  2999091383
71325.38  2999091430
71326.3  2999091499
71326.52  2999091499
71374.44  2999091587
71375.516  2999091705
71375.87  2999091779
71376.164  2999091826
71378.08  2999091897
71378.28  2999091897
71380.0  2999091970
71380.44  2999092087
71380.7  2999092163
71382.39  2999092163
71383.01  2999092279
71383.22  2999092367
71383.91  2999092484
71384.16  2999092565
71385.83  2999092612
71387.21  2999092682
71387.84  2999092771
71388.14  2999092771
71389.11  2999092888
71392.07  2999092888
71394.234  2999092976
71395.13  2999093093
71395.375  2999093173
71397.5  2999093276
71398.02  2999093357
71399.625  2999093357
71401.95  2999093475
71402.56  2999093557
71402.59  2999093557
71405.2  2999093675
71406.484  2999093754
71410.09  2999093871
71410.35  2999093949
71412.11  2999093996
71417.164  2999094065
71421.125  2999094142
71422.96  2999094142
71424.08  2999094260
71424.875  2999094346
71424.914  2999094346
71427.15  2999094463
71427.38  2999094542
71429.97  2999094589
71430.42  2999094660
71430.68  2999094660
71436.58  2999094736
71437.02  2999094853
71437.23  2999094931
71437.39  2999094978
71439.586  2999095049
71439.78  2999095049
71441.19  2999095250
71441.41  2999095250
71443.95  2999095445
71444.13  2999095445
71448.59  2999095520
71450.89  2999095637
71451.88  2999095721
71452.84  2999095721
71453.88  2999095839
71454.15  2999095916
71456.24  2999095963
71457.07  2999096033
71460.836  2999096114
71461.58  2999096114
71462.54  2999096232
71463.21  2999096312
71469.29  2999096312
71469.875  2999096429
71470.25  2999096502
71472.01  2999096502
71473.195  2999096620
71473.484  2999096708
71476.97  2999096811
71480.3  2999096811
71486.836  2999096943
71487.695  2999097012
71491.47  2999097101
71493.2  2999097101
71494.336  2999097217
71494.516  2999097294
71499.17  2999097294
71501.88  2999097411
71502.17  2999097411
71503.68  2999097610
71503.85  2999097685
71505.59  2999097685
71506.32  2999097802
71506.62  2999097802
71511.734  2999097937
71512.89  2999098008
71513.234  2999098008
71515.66  2999098209
71516.66  2999098293
71519.22  2999098494
71519.45  2999098494
71528.336  2999098494
71528.766  2999098612
71528.98  2999098701
71529.36  2999098748
71530.13  2999098818
71530.31  2999098818
71533.79  2999098944
71536.09  2999099014
71536.266  2999099014
71538.7  2999099233
71538.96  2999099310
71539.18  2999099310
71541.62  2999099505
71541.79  2999099505
71542.03  2999099505
71542.56  2999099622
71543.695  2999099708
71545.53  2999099755
71549.2  2999099826
71549.43  2999099826
71584.68  2999100024
71586.82  2999100104
71589.016  2999100221
71589.266  2999100221
71615.62  2999100428
71619.375  2999100428
71625.08  2999100516
71626.234  2999100632
71629.73  2999100708
71635.91  2999100826
71636.87  2999100906
71638.72  2999100953
71639.6  2999101023
71639.984  2999101023
71649.2  2999101110
71650.45  2999101228
71650.73  2999101313
71675.18  2999101313
71677.34  2999101431
71677.875  2999101512
71679.47  2999101536
71681.39  2999101613
71681.98  2999101698
71683.79  2999101698
71687.94  2999101815
71689.234  2999101815
71692.87  2999101890
71693.39  2999102006
71693.69  2999102006
71698.33  2999102084
71698.945  2999102201
71699.22  2999102201
71703.71  2999102284
71706.29  2999102401
71707.39  2999102401
71716.34  2999102477
71718.555  2999102595
71718.74  2999102595
71723.37  2999102722
71725.164  2999102790
71725.39  2999102790
71728.0  2999103000
71728.21  2999103000
71729.93  2999103200
71730.125  2999103200
71731.766  2999103323
71732.59  2999103392
71732.99  2999103480
71734.37  2999103480
71734.92  2999103597
71735.97  2999103597
71749.125  2999103685
71750.54  2999103803
71751.414  2999103886
71767.92  2999103886
71770.805  2999104004
71772.11  2999104077
71776.89  2999104124
71778.016  2999104194
71778.24  2999104194
71782.27  2999104393
71783.4  2999104476
71788.6  2999104476
71791.18  2999104593
71796.04  2999104670
71803.29  2999104717
71805.85  2999104787
71807.055  2999104866
71809.47  2999104983
71809.664  2999104983
71819.734  2999105059
71821.62  2999105177
71821.945  2999105251
71824.39  2999105251
71825.62  2999105368
71829.09  2999105444
71831.734  2999105491
71835.87  2999105560
71836.28  2999105646
71840.72  2999105763
71840.92  2999105846
71841.586  2999105846
71842.57  2999105964
71846.805  2999106040
71849.52  2999106040
71849.96  2999106157
71850.35  2999106238
71852.62  2999106238
71855.03  2999106355
71858.89  2999106438
71865.87  2999106485
71867.04  2999106555
71870.875  2999106638
71871.734  2999106638
71876.05  2999106756
71878.23  2999106841
71878.266  2999106888
71884.59  2999106959
71885.19  2999106959
71896.24  2999107225
71900.125  2999107343
71900.33  2999107343
71903.734  2999107478
71905.445  2999107548
71906.89  2999107621
71907.42  2999107739
71907.76  2999107818
71910.54  2999107818
71912.445  2999107936
71916.445  2999108012
71917.02  2999108059
71917.625  2999108130
71917.99  2999108214
71925.14  2999108238
71926.43  2999108316
71928.23  2999108316
71947.7  2999108407
71948.15  2999108525
71948.445  2999108608
71949.36  2999108608
71950.086  2999108724
71950.47  2999108813
71951.266  2999108813
71952.68  2999108916
71953.27  2999108995
71953.33  2999109042
71954.664  2999109113
71954.95  2999109113
71958.74  2999109192
71959.37  2999109309
71959.69  2999109392
71976.17  2999109392
71977.45  2999109509
71977.734  2999109509
71996.81  2999109590
71997.28  2999109708
71998.98  2999109708
72000.82  2999109833
72002.21  2999109902
72002.586  2999109988
72007.68  2999109988
72009.12  2999110105
72009.3  2999110191
72015.0  2999110309
72015.48  2999110402
72015.48  2999110402
72016.12  2999110520
72016.7  2999110601
72021.55  2999110601
72023.7  2999110718
72024.07  2999110794
72025.23  2999110910
72026.67  2999110991
72030.4  2999111038
72033.88  2999111109
72035.27  2999111109
72038.01  2999111199
72038.47  2999111317
72038.71  2999111317
72047.52  2999111396
72048.0  2999111514
72048.25  2999111514
72052.91  2999111595
72053.42  2999111712
72053.74  2999111712
72069.73  2999111789
72070.414  2999111907
72071.58  2999111986
72074.82  2999111986
72076.57  2999112103
72076.82  2999112103
72079.83  2999112232
72080.82  2999112302
72081.0  2999112302
72085.695  2999112381
72089.61  2999112497
72089.78  2999112497
72105.5  2999112627
72105.94  2999112698
72110.28  2999112822
72118.6  2999112892
72118.8  2999112892
72122.32  2999112975
72123.375  2999113092
72123.56  2999113168
72123.78  2999113168
72124.37  2999113286
72124.54  2999113366
72128.33  2999113413
72129.17  2999113482
72130.195  2999113482
72143.31  2999113559
72145.04  2999113676
72148.766  2999113763
72151.66  2999113763
72153.82  2999113881
72154.19  2999113969
72157.45  2999113969
72159.0  2999114086
72159.21  2999114164
