56181.297  
56182.65  2998896980
56185.258  2998897034
56188.168  2998897150
56190.176  2998897179
56202.594  2998897322
56208.76  2998897472
56209.883  2998897496
56224.14  2998897545
56226.82  2998897625
56228.19  2998897649
56238.73  2998897775
56259.582  2998897799
56267.26  2998897937
56268.48  2998897961
56270.2  2998898008
56272.844  2998898089
56274.016  2998898113
56288.215  2998898253
56291.363  2998898277
56300.305  2998898409
56308.98  2998898557
56312.344  2998898581
56316.773  2998898708
56318.69  2998898732
56319.973  2998898780
56325.336  2998898854
56327.223  2998898878
56337.668  2998899010
56339.26  2998899034
56343.676  2998899167
56347.39  2998899191
56357.047  2998899323
56362.74  2998899347
56364.32  2998899395
56368.664  2998899475
56374.027  2998899499
56379.27  2998899548
56390.875  2998899636
56392.254  2998899660
56396.13  2998899795
56397.465  2998899819
56405.25  2998899952
56407.02  2998899976
56413.055  2998900099
56432.344  2998900123
56436.508  2998900245
56437.746  2998900269
56441.688  2998900405
56442.906  2998900429
56456.117  2998900573
56457.73  2998900597
56463.17  2998900721
56464.28  2998900745
56471.785  2998900871
56473.305  2998900895
56476.1  2998900943
56480.18  2998901019
56483.598  2998901043
56488.133  2998901172
56497.95  2998901196
56502.26  2998901322
56503.773  2998901346
56508.555  2998901493
56516.074  2998901517
56520.168  2998901566
56523.23  2998901652
56524.586  2998901676
56529.504  2998901799
56530.63  2998901823
56537.484  2998901959
56538.62  2998901983
56540.926  2998902030
56549.184  2998902112
56554.004  2998902136
56558.04  2998902276
56559.207  2998902300
56569.555  2998902430
56573.957  2998902454
56578.992  2998902583
56580.44  2998902607
56584.215  2998902740
56585.82  2998902764
56592.723  2998902893
56594.04  2998902917
56597.492  2998902965
56599.8  2998903040
56607.324  2998903064
56613.152  2998903200
56616.445  2998903224
56619.832  2998903273
56626.297  2998903361
56627.797  2998903385
56634.145  2998903514
56643.203  2998903538
56647.07  2998903681
56648.297  2998903705
56654.91  2998903830
56660.34  2998903979
56661.535  2998904003
56665.8  2998904145
56667.125  2998904169
56668.457  2998904217
56670.746  2998904297
56672.19  2998904321
56676.04  2998904456
56679.613  2998904480
56683.527  2998904611
56684.863  2998904635
56688.594  2998904766
56692.06  2998904790
56693.64  2998904839
56697.957  2998904937
56705.535  2998904961
56713.273  2998905089
56780.05  2998905113
56784.29  2998905244
56787.84  2998905268
56789.54  2998905316
56794.406  2998905394
56800.797  2998905418
56808.457  2998905550
56816.73  2998905574
56821.45  2998905702
58027.633  2998906274
58047.93  2998906519
58058.16  2998906543
58059.66  2998906592
58062.066  2998906696
58075.434  2998906850
58076.656  2998906922
58079.2  2998907007
58080.375  2998907080
58104.363  2998907155
58105.74  2998907179
58109.91  2998907312
58111.1  2998907336
58118.87  2998907466
58125.203  2998907490
58131.86  2998907630
58133.207  2998907703
58136.453  2998907786
58137.535  2998907859
58142.117  2998908015
58144.645  2998908093
58145.797  2998908117
58149.367  2998908246
58209.93  2998908430
58217.086  2998908559
58218.152  2998908583
58221.656  2998908720
58228.85  2998908870
58230.258  2998908894
58235.65  2998909027
58237.15  2998909051
58243.82  2998909183
58244.98  2998909256
58254.78  2998909334
58260.473  2998909358
58266.355  2998909489
58284.33  2998909513
58288.56  2998909638
58289.867  2998909710
58304.816  2998909945
58328.29  2998909969
58338.38  2998910099
58342.355  2998910172
58347.88  2998910255
58349.113  2998910328
58351.586  2998910403
58352.836  2998910475
58356.45  2998910561
58371.98  2998910634
58375.56  2998910792
58378.625  2998910871
58380.11  2998910895
58383.113  2998911034
58392.64  2998911058
58396.52  2998911181
58400.223  2998911205
58404.32  2998911334
58405.824  2998911358
58410.555  2998911497
58411.996  2998911521
58413.508  2998911570
58463.92  2998911677
58467.613  2998911807
58469.082  2998911880
58471.617  2998911971
58473.08  2998912044
58476.895  2998912133
58484.473  2998912281
58488.17  2998912305
58494.188  2998912504
58497.844  2998912581
58503.15  2998912731
58504.324  2998912755
58511.266  2998912898
58513.06  2998912970
58518.87  2998913053
58520.57  2998913077
58522.543  2998913126
58527.082  2998913207
58531.035  2998913366
58532.465  2998913390
58536.137  2998913521
58537.812  2998913545
58541.78  2998913680
58551.785  2998913835
58561.207  2998913907
58564.63  2998913997
58568.57  2998914021
58574.895  2998914154
58576.125  2998914226
58594.13  2998914474
58597.457  2998914498
58604.266  2998914632
58616.805  2998914782
58618.11  2998914806
58626.61  2998914942
58628.535  2998914966
58638.17  2998915095
58639.285  2998915119
58640.438  2998915167
58642.855  2998915250
58650.02  2998915410
58653.074  2998915434
58657.484  2998915563
58665.74  2998915587
58672.76  2998915712
58678.223  2998915736
58681.785  2998915868
58683.07  2998915892
58686.805  2998916022
58688.13  2998916046
58697.66  2998916172
58699.207  2998916196
58700.56  2998916244
58709.83  2998916327
58711.023  2998916351
58717.72  2998916478
58720.746  2998916502
58726.266  2998916633
58728.344  2998916706
58730.54  2998916792
58731.734  2998916863
58736.047  2998916946
58738.562  2998917018
58750.87  2998917096
58752.44  2998917168
58754.73  2998917247
58756.055  2998917320
58760.668  2998917396
58782.918  2998917563
58784.16  2998917587
58792.71  2998917725
58795.66  2998917749
58801.543  2998917880
58804.63  2998917953
58807.582  2998918029
58809.004  2998918053
58812.863  2998918179
58813.977  2998918203
58821.156  2998918335
58822.523  2998918408
58824.91  2998918489
58826.215  2998918513
58832.758  2998918640
58900.254  2998918664
58906.0  2998918787
58907.41  2998918811
58915.5  2998918941
58916.617  2998918965
58923.09  2998919093
58927.0  2998919117
58931.22  2998919261
58953.027  2998919285
58958.75  2998919409
58960.086  2998919482
59029.418  2998919587
59033.94  2998919714
59040.93  2998919738
59044.953  2998919871
59103.684  2998919895
59109.78  2998920020
59114.29  2998920044
59118.3  2998920168
59129.33  2998920480
59139.29  2998920504
59144.848  2998920637
59146.207  2998920661
59149.03  2998920708
59157.74  2998920937
59187.934  2998921010
59190.707  2998921096
59192.15  2998921120
59196.14  2998921245
59199.406  2998921316
59203.8  2998921395
59209.094  2998921548
59210.387  2998921619
59216.035  2998921706
59217.957  2998921730
59224.668  2998921865
59228.4  2998922019
59231.824  2998922092
59235.863  2998922168
59240.184  2998922239
59248.195  2998922395
59262.457  2998922508
59266.656  2998922635
59267.836  2998922707
59281.684  2998922944
59287.85  2998923015
59293.523  2998923102
59294.84  2998923126
59303.23  2998923252
59314.26  2998923276
59324.277  2998923411
59325.56  2998923482
59328.11  2998923563
59333.28  2998923721
59334.42  2998923794
59338.258  2998923885
59361.77  2998924184
59363.504  2998924255
59366.406  2998924334
59367.71  2998924405
59410.754  2998924794
59411.926  2998924867
59417.55  2998924946
59419.11  2998925018
59434.324  2998925099
59435.734  2998925172
59438.426  2998925246
59439.93  2998925319
59449.59  2998925467
59464.867  2998925724
59466.06  2998925748
59470.24  2998925873
59471.57  2998925897
59476.176  2998926025
59486.64  2998926049
59491.543  2998926173
59493.086  2998926197
59497.695  2998926329
59498.973  2998926401
59502.047  2998926476
59503.254  2998926547
59509.85  2998926629
59511.117  2998926653
59515.777  2998926780
59516.88  2998926850
59519.145  2998926943
59520.5  2998927016
59542.137  2998927239
59592.38  2998927263
59598.402  2998927393
59604.902  2998927417
59609.383  2998927560
59610.64  2998927632
59613.613  2998927708
59614.812  2998927732
59618.95  2998927864
59620.535  2998927888
59625.168  2998928013
59628.605  2998928037
59635.715  2998928165
59637.26  2998928189
59644.25  2998928319
59645.395  2998928343
59649.46  2998928474
59652.465  2998928546
59655.375  2998928620
59662.18  2998928644
59668.023  2998928774
59669.207  2998928846
59679.17  2998928932
59700.246  2998928956
59701.957  2998929004
59710.906  2998929081
59717.21  2998929105
59720.93  2998929238
59722.16  2998929310
59731.918  2998929552
59741.28  2998929576
59746.414  2998929707
59757.46  2998929879
59763.38  2998930012
59770.793  2998930036
59776.355  2998930167
59777.617  2998930239
59788.324  2998930324
59791.71  2998930348
59797.016  2998930471
59807.395  2998930638
59808.87  2998930711
59811.312  2998930789
59814.49  2998930813
59846.066  2998930961
59850.977  2998931085
59852.137  2998931109
59858.797  2998931238
59860.082  2998931311
59862.703  2998931399
59872.293  2998931423
59879.0  2998931550
59890.32  2998931701
59891.535  2998931725
59893.492  2998931774
59897.117  2998931859
59898.617  2998931931
59913.67  2998932314
59938.277  2998932338
59945.22  2998932467
59946.27  2998932539
59950.84  2998932690
59953.293  2998932776
59972.0  2998933009
59974.363  2998933084
59975.613  2998933108
59983.414  2998933239
59984.453  2998933263
59990.04  2998933418
59993.79  2998933546
59994.996  2998933618
59997.43  2998933702
59998.645  2998933726
60004.613  2998933852
61202.66  2998933895
61206.74  2998934023
61304.336  2998934047
61309.9  2998934182
61310.97  2998934206
61320.395  2998934332
61331.906  2998934356
61335.66  2998934498
61342.938  2998934522
61349.117  2998934655
61358.184  2998934679
61480.08  2998935196
61487.406  2998935319
61495.336  2998935343
61499.246  2998935475
61500.367  2998935547
61502.848  2998935625
61504.02  2998935649
61509.453  2998935777
61518.703  2998935801
61522.434  2998935927
61524.137  2998935951
61525.406  2998935998
61528.047  2998936081
61529.375  2998936154
61533.766  2998936230
61535.29  2998936301
61540.336  2998936379
61561.633  2998936403
61567.355  2998936538
61707.906  2998936824
61719.53  2998936895
61725.887  2998936970
61727.035  2998936994
61733.36  2998937117
61734.574  2998937190
61737.07  2998937274
61738.332  2998937298
61748.133  2998937436
61765.293  2998937460
61769.1  2998937589
61770.312  2998937613
61774.414  2998937755
61775.754  2998937779
61780.348  2998937906
61782.46  2998937976
61784.77  2998938062
61785.996  2998938086
61806.887  2998938329
61808.59  2998938401
61811.676  2998938480
61813.133  2998938504
61817.137  2998938636
61823.793  2998938790
61825.16  2998938863
61826.824  2998938945
61829.062  2998938969
61832.895  2998939107
61836.1  2998939180
61840.34  2998939260
61846.082  2998939284
61852.953  2998939408
61854.113  2998939481
61856.598  2998939556
61858.145  2998939629
61868.363  2998939741
61872.016  2998939869
61891.832  2998939893
61895.727  2998940021
61903.82  2998940171
61906.715  2998940244
61909.246  2998940332
61910.492  2998940356
61919.125  2998940482
61922.637  2998940506
61927.727  2998940628
61928.887  2998940652
61936.1  2998940781
61937.582  2998940805
61996.35  2998940966
62001.926  2998941091
62003.125  2998941164
62007.4  2998941242
62014.49  2998941266
62020.395  2998941391
62021.957  2998941415
62027.043  2998941542
62028.785  2998941566
62033.15  2998941696
62088.113  2998941720
62099.105  2998941851
62102.598  2998941924
62107.586  2998942000
62113.176  2998942024
62120.715  2998942150
62127.33  2998942174
62131.438  2998942301
62132.633  2998942372
62138.465  2998942448
62139.637  2998942521
62142.48  2998942600
62143.75  2998942624
62148.367  2998942753
62149.207  2998942777
62165.324  2998942915
62166.57  2998942939
62175.363  2998943069
62178.754  2998943140
62181.12  2998943226
62191.586  2998943250
62192.93  2998943299
62197.484  2998943373
62206.17  2998943397
62212.49  2998943525
62214.074  2998943597
62220.91  2998943681
62222.09  2998943754
62226.05  2998943908
62236.97  2998944150
62238.855  2998944174
62245.668  2998944304
62249.37  2998944375
62256.797  2998944478
62264.99  2998944616
62270.883  2998944640
62279.895  2998944761
62281.21  2998944833
62291.36  2998945148
62301.945  2998945261
62305.777  2998945387
62308.754  2998945411
62312.656  2998945537
62315.543  2998945561
62321.14  2998945690
62327.957  2998945714
62335.01  2998945844
62336.15  2998945915
62339.336  2998945993
62349.95  2998946017
62356.67  2998946150
62366.83  2998946308
62368.094  2998946332
62371.97  2998946457
62373.152  2998946529
62377.105  2998946609
62416.16  2998946773
62418.09  2998946797
62419.35  2998946846
62491.652  2998947399
62493.414  2998947470
62498.527  2998947549
62499.78  2998947621
62515.582  2998947850
62516.81  2998947922
62530.734  2998948153
62532.176  2998948225
62534.88  2998948306
62536.355  2998948330
62597.6  2998948486
62608.125  2998948611
62609.316  2998948635
62618.266  2998948763
62621.668  2998948787
62623.39  2998948835
62625.67  2998948922
62626.875  2998948946
62630.75  2998949071
62631.973  2998949143
62643.098  2998949254
62646.676  2998949380
62653.082  2998949404
62657.344  2998949538
62706.758  2998949562
62714.418  2998949689
62715.805  2998949760
62718.395  2998949844
62719.66  2998949917
62728.29  2998949997
62729.242  2998950070
62734.586  2998950152
62735.812  2998950224
62738.895  2998950312
62742.45  2998950383
62748.29  2998950466
62749.453  2998950538
62752.113  2998950621
62753.555  2998950645
62757.293  2998950777
62760.9  2998950801
62764.54  2998950936
62765.81  2998950960
62767.113  2998951008
62778.35  2998951252
62779.797  2998951325
62785.098  2998951404
62808.06  2998952020
62817.996  2998952044
62822.43  2998952184
62826.195  2998952208
62832.887  2998952343
62834.027  2998952415
62842.047  2998952650
62864.836  2998952722
62867.773  2998952806
62869.105  2998952878
62877.38  2998953037
62881.72  2998953118
62887.9  2998953142
62893.91  2998953268
63058.12  2998953292
63061.637  2998953418
63063.465  2998953442
63064.348  2998953491
63066.973  2998953573
63068.277  2998953645
63077.297  2998953726
63082.49  2998953962
63087.035  2998954049
63095.227  2998954073
63099.55  2998954198
63102.234  2998954270
63107.582  2998954360
63108.79  2998954384
63117.22  2998954527
63120.348  2998954600
63122.78  2998954687
63172.664  2998954711
63178.527  2998954840
63180.84  2998954864
63307.586  2998955121
63389.336  2998955145
63390.176  2998955193
63509.562  2998955226
63511.453  2998955359
63516.0  2998955383
63523.867  2998955506
63524.492  2998955530
63564.727  2998955666
63565.36  2998955739
63570.38  2998955900
63575.723  2998955982
63576.273  2998956006
63581.5  2998956134
63583.895  2998956158
63589.27  2998956283
63592.633  2998956307
63594.977  2998956440
63597.28  2998956561
63836.47  2998956804
63837.8  2998956898
63840.184  2998956922
63846.83  2998957049
63850.844  2998957073
63857.316  2998957195
63857.85  2998957219
63861.13  2998957346
63863.434  2998957370
63869.605  2998957498
63879.836  2998957570
63884.79  2998957655
63885.613  2998957727
63890.72  2998957812
63891.246  2998957884
63894.207  2998957978
63962.96  2998958002
63978.9  2998958247
64101.992  2998958506
64102.797  2998958530
64104.684  2998958659
64106.21  2998958731
64110.41  2998958811
64110.805  2998958835
64112.383  2998958966
64112.76  2998958990
64114.6  2998959117
64116.074  2998959141
64117.652  2998959278
64118.363  2998959302
64122.08  2998959433
64122.656  2998959506
64124.195  2998959593
64124.633  2998959617
64130.05  2998959740
64131.12  2998959764
64139.184  2998959890
64139.69  2998960011
64262.273  2998960165
64264.133  2998960237
64265.395  2998960314
64265.984  2998960386
64272.086  2998960461
64272.83  2998960534
64274.89  2998960621
64280.652  2998960645
64286.81  2998960770
64287.39  2998960841
64288.305  2998960932
64288.668  2998961004
64289.78  2998961154
64294.355  2998961236
64295.168  2998961260
64297.707  2998961386
64303.66  2998961549
64310.18  2998961670
64427.004  2998961832
64429.92  2998961856
64434.938  2998961979
64436.008  2998962051
64443.547  2998962132
64446.44  2998962202
64450.316  2998962286
64456.3  2998962310
64459.754  2998962442
64463.094  2998962597
64463.81  2998962621
64469.523  2998962751
64470.64  2998962824
64472.49  2998962909
64473.234  2998962982
64476.164  2998963062
64480.887  2998963086
64485.477  2998963134
64486.934  2998963218
64609.523  2998963514
64698.72  2998963538
64702.28  2998963664
64703.42  2998963736
64705.715  2998963817
64706.656  2998963889
64725.418  2998963990
64728.24  2998964115
64729.105  2998964139
64730.105  2998964187
64733.695  2998964267
64741.707  2998964420
64742.664  2998964444
64746.305  2998964570
64748.332  2998964642
64756.957  2998964878
64758.582  2998964998
64883.152  2998965168
64914.164  2998965192
64915.625  2998965316
64916.21  2998965340
64925.062  2998965478
64926.09  2998965549
64931.63  2998965634
64936.387  2998965658
64941.418  2998965787
64941.91  2998965857
64942.586  2998965940
64942.902  2998966013
64944.336  2998966118
64945.938  2998966242
64946.676  2998966266
64950.957  2998966394
64955.06  2998966418
64957.234  2998966549
65080.402  2998966836
65081.203  2998966908
65082.875  2998966985
65089.01  2998967009
65090.984  2998967136
65093.0  2998967207
65094.902  2998967287
65099.22  2998967311
65101.855  2998967445
65105.023  2998967469
65111.34  2998967589
65139.41  2998967613
65144.094  2998967757
65144.773  2998967829
65151.414  2998967906
65156.71  2998967930
65162.49  2998968063
65175.473  2998968216
65176.3  2998968240
65296.195  2998968369
65297.215  2998968417
65298.566  2998968503
65298.945  2998968527
65299.984  2998968665
65300.383  2998968738
65318.836  2998968824
65319.453  2998968897
65321.043  2998968988
65322.145  2998969060
65325.152  2998969217
65330.457  2998969312
65334.504  2998969336
65337.344  2998969463
65392.156  2998969487
65396.133  2998969621
65396.938  2998969645
65398.87  2998969775
65399.527  2998969847
65404.773  2998969933
65405.523  2998970052
65526.637  2998970133
65531.684  2998970215
65535.29  2998970239
65537.77  2998970367
65538.08  2998970439
65538.72  2998970516
65539.0  2998970540
65549.9  2998970755
65587.234  2998970830
65587.87  2998970854
65589.555  2998970982
65590.13  2998971006
65591.83  2998971141
65628.6  2998971165
65629.17  2998971214
65630.09  2998971292
65677.86  2998971448
65678.12  2998971519
65678.71  2998971600
65678.98  2998971718
65802.19  2998971888
65802.71  2998971912
65806.0  2998972041
65810.01  2998972065
65816.29  2998972199
65817.086  2998972272
65821.875  2998972347
65822.71  2998972419
65827.016  2998972501
65844.58  2998972525
65851.13  2998972650
65852.29  2998972674
65858.086  2998972798
65858.73  2998972822
65906.86  2998973025
65907.98  2998973108
65912.65  2998973259
65919.09  2998973501
65927.81  2998973661
65939.42  2998973815
65951.7  2998973839
65954.14  2998973981
65958.055  2998974135
65958.81  2998974159
65965.02  2998974286
65966.13  2998974310
65969.125  2998974447
65974.62  2998974471
65979.37  2998974601
65991.7  2998974625
65994.46  2998974673
66000.445  2998974757
66007.07  2998974781
66011.82  2998974913
66012.445  2998974937
66016.77  2998975075
66017.03  2998975099
66017.78  2998975232
66019.51  2998975304
66020.68  2998975388
66021.32  2998975459
66035.98  2998975722
66040.305  2998975855
66041.28  2998975927
66045.65  2998976002
66048.44  2998976075
66050.3  2998976158
66051.055  2998976182
66055.62  2998976308
66057.92  2998976380
66059.27  2998976458
66065.65  2998976531
66067.14  2998976626
66071.64  2998976650
66073.66  2998976781
66075.6  2998976805
66081.31  2998976937
66084.05  2998976961
66084.586  2998977010
66088.25  2998977083
66092.93  2998977107
66096.51  2998977239
66100.31  2998977263
66106.09  2998977396
66106.9  2998977420
66116.516  2998977550
66117.22  2998977623
66118.89  2998977698
66123.43  2998977857
66124.336  2998977929
66129.68  2998978018
66132.26  2998978042
66136.25  2998978175
66145.15  2998978199
66147.336  2998978321
66148.664  2998978394
66151.33  2998978470
66154.55  2998978494
66155.31  2998978622
66155.67  2998978646
66163.36  2998978782
66164.39  2998978806
66167.305  2998978935
66170.97  2998978959
66188.98  2998979083
66193.12  2998979107
66194.69  2998979240
66199.26  2998979264
66204.26  2998979394
66205.74  2998979466
66220.016  2998979702
66220.54  2998979774
66226.6  2998980009
66227.01  2998980033
66232.805  2998980160
66233.82  2998980232
66234.375  2998980312
66239.14  2998980385
66250.41  2998980484
66255.695  2998980685
66256.42  2998980794
66304.9  2998980931
66307.586  2998981085
66312.664  2998981109
66318.64  2998981384
66318.99  2998981408
66324.18  2998981707
66324.88  2998981731
66328.09  2998981859
66333.945  2998981883
66335.05  2998982004
66339.06  2998982028
66341.266  2998982165
66341.62  2998982189
66343.69  2998982319
66345.0  2998982392
66345.69  2998982476
66346.13  2998982549
66354.31  2998982652
66357.06  2998982789
66360.2  2998982813
66361.88  2998982949
66363.19  2998983021
66364.5  2998983104
66367.89  2998983128
66370.44  2998983253
66379.164  2998983277
66380.04  2998983326
66411.336  2998983433
66418.02  2998983561
66418.33  2998983634
66419.38  2998983711
66421.07  2998983784
66425.24  2998983866
66425.62  2998983890
66430.195  2998984015
66434.79  2998984039
66437.35  2998984171
66438.58  2998984244
66439.4  2998984324
66443.266  2998984348
66445.47  2998984481
66450.086  2998984637
66450.63  2998984661
66452.84  2998984791
66453.29  2998984863
66454.06  2998984940
66454.44  2998984964
66455.05  2998985013
66456.086  2998985094
66459.336  2998985118
66462.125  2998985249
66465.19  2998985273
66466.41  2998985403
66468.42  2998985427
66471.53  2998985553
66472.13  2998985626
66473.94  2998985709
66480.6  2998985863
66482.39  2998986017
66485.945  2998986041
66490.44  2998986168
66504.74  2998986323
66505.266  2998986347
66508.11  2998986481
66510.97  2998986505
66511.97  2998986554
66515.4  2998986640
66515.83  2998986711
66517.71  2998986797
66518.02  2998986868
66519.29  2998986957
66519.92  2998986981
66530.414  2998987120
66530.625  2998987144
66532.18  2998987275
66534.61  2998987299
66536.125  2998987426
66538.5  2998987499
66539.69  2998987583
66539.87  2998987607
66540.58  2998987737
66540.94  2998987761
66548.12  2998987885
66548.78  2998987958
66554.1  2998988037
66560.34  2998988061
66560.8  2998988109
66564.66  2998988197
66565.13  2998988221
66566.37  2998988344
66570.805  2998988368
66571.46  2998988505
66571.695  2998988575
66575.44  2998988657
66575.85  2998988681
66578.58  2998988807
66579.63  2998988831
66580.7  2998988955
66588.62  2998989104
66589.57  2998989128
66591.36  2998989253
66591.76  2998989324
66592.51  2998989407
66592.78  2998989479
66594.84  2998989719
66595.32  2998989743
66599.17  2998989876
66599.52  2998989949
66605.63  2998990194
66607.34  2998990218
66607.8  2998990266
66612.44  2998990345
66614.64  2998990369
66622.54  2998990649
66631.445  2998990673
66631.83  2998990721
66632.75  2998990802
66633.45  2998990826
66636.8  2998990955
66645.57  2998990979
66646.91  2998991027
66651.64  2998991111
66652.42  2998991135
66654.93  2998991259
66698.37  2998991439
66700.82  2998991577
66701.055  2998991601
66703.7  2998991650
66704.88  2998991739
66706.13  2998991811
66706.78  2998991895
66707.1  2998991919
66708.12  2998992047
66708.5  2998992071
66710.4  2998992216
66717.45  2998992367
66720.45  2998992391
66726.21  2998992521
66735.44  2998992545
66736.45  2998992673
66740.43  2998992697
66744.88  2998992829
66745.46  2998992853
66749.98  2998992981
66758.836  2998993005
66759.695  2998993139
66760.7  2998993211
66761.234  2998993289
66761.43  2998993361
66772.695  2998993593
66773.2  2998993617
66778.68  2998993750
66830.086  2998993904
66833.24  2998993928
66837.195  2998994063
66839.77  2998994087
66841.28  2998994211
66926.17  2998994696
66927.49  2998994826
66934.58  2998994850
66935.5  2998994984
66935.88  2998995057
66940.7  2998995142
66941.28  2998995166
66941.85  2998995215
66956.66  2998995298
66961.61  2998995370
66962.93  2998995448
66964.35  2998995671
66965.78  2998995787
66968.664  2998995921
66968.93  2998995945
66969.63  2998996082
66969.86  2998996106
66970.625  2998996241
66970.9  2998996314
66975.3  2998996390
66976.336  2998996414
66977.41  2998996539
66977.945  2998996611
66982.97  2998996686
66983.46  2998996710
66988.73  2998996834
66990.21  2998996858
66991.85  2998996996
66992.09  2998997020
66997.234  2998997143
66998.68  2998997167
67001.016  2998997304
67004.695  2998997328
67005.39  2998997469
67005.73  2998997493
67009.51  2998997627
67010.01  2998997651
67010.31  2998997698
67010.87  2998997782
67012.26  2998997806
67013.266  2998997933
67013.64  2998998005
67014.516  2998998086
67015.77  2998998110
67020.59  2998998237
67021.05  2998998308
67022.01  2998998403
67024.625  2998998427
67026.34  2998998551
67026.65  2998998621
67036.2  2998998706
67036.92  2998998856
67037.26  2998998927
67038.33  2998999077
67039.195  2998999160
67043.06  2998999184
67044.72  2998999308
67045.14  2998999332
67048.414  2998999465
67105.445  2998999489
67108.07  2998999619
67110.53  2998999643
67116.77  2998999773
67119.34  2998999797
67120.92  2998999922
67121.54  2998999994
67123.72  2999000077
67125.75  2999000101
67127.4  2999000235
67127.73  2999000259
67128.9  2999000388
67131.29  2999000412
67132.305  2999000537
67132.72  2999000609
67136.734  2999000692
67137.16  2999000716
67138.65  2999000865
67138.99  2999000889
67140.03  2999001022
67140.23  2999001046
67141.305  2999001171
67143.48  2999001195
67144.88  2999001321
67146.62  2999001345
67148.125  2999001471
67150.52  2999001495
67156.25  2999001625
67156.5  2999001649
67160.84  2999001783
67161.625  2999001807
67163.06  2999001935
67165.37  2999001959
67169.62  2999002087
67174.375  2999002234
67174.56  2999002307
67178.875  2999002391
67180.27  2999002415
67206.38  2999002550
67209.45  2999002574
67211.086  2999002702
67214.49  2999002726
67215.805  2999002857
67219.12  2999002929
67220.01  2999003011
67220.35  2999003035
67220.82  2999003084
67238.484  2999003308
67239.18  2999003380
67243.86  2999003488
67247.68  2999003614
67248.016  2999003638
67249.266  2999003775
67250.41  2999003847
67250.92  2999003933
67253.94  2999003957
67255.375  2999004094
67255.85  2999004118
67256.95  2999004248
67259.95  2999004395
67260.68  2999004545
67263.18  2999004569
67263.55  2999004617
67264.0  2999004699
67268.24  2999004874
67272.69  2999005010
67272.88  2999005082
67276.46  2999005160
67281.125  2999005314
67281.48  2999005386
67282.414  2999005465
67282.89  2999005489
67287.6  2999005620
67289.48  2999005644
67295.29  2999005779
67295.766  2999005851
67300.055  2999005928
67300.4  2999006001
67306.59  2999006230
67306.94  2999006254
67307.52  2999006386
67311.96  2999006536
67313.97  2999006608
67315.14  2999006698
67317.4  2999006722
67318.44  2999006846
67320.8  2999006870
67321.65  2999007001
67321.9  2999007074
67322.44  2999007152
67323.4  2999007223
67327.13  2999007303
67328.04  2999007375
67328.66  2999007455
67329.64  2999007528
67330.305  2999007605
67330.68  2999007629
67332.44  2999007756
67333.51  2999007829
67336.875  2999007984
67349.055  2999008063
67349.4  2999008135
67350.086  2999008228
67438.266  2999008252
67439.805  2999008394
67446.69  2999008418
67447.72  2999008546
67455.15  2999008697
67456.71  2999008721
67460.96  2999008846
67461.46  2999008918
67462.6  2999009005
67466.484  2999009158
67472.49  2999009313
67474.11  2999009337
67480.6  2999009461
67481.11  2999009534
67486.58  2999009683
67488.44  2999009770
67495.96  2999010081
67504.234  2999010387
67521.31  2999010714
67521.81  2999010738
67523.484  2999010866
67523.93  2999010937
67525.78  2999011011
67528.83  2999011180
67536.74  2999011333
67536.98  2999011405
67537.47  2999011492
67553.03  2999011516
67554.44  2999011646
67554.74  2999011718
67555.414  2999011806
67555.805  2999011830
67560.78  2999011981
67561.56  2999012053
67564.62  2999012211
67565.68  2999012294
67569.15  2999012318
67570.42  2999012447
67571.734  2999012471
67572.45  2999012600
67574.18  2999012671
67581.71  2999012821
67586.19  2999012916
67587.61  2999012940
67601.195  2999013235
67602.734  2999013307
67603.6  2999013390
67603.88  2999013463
67606.5  2999013627
67607.25  2999013709
67607.516  2999013782
67612.19  2999013859
67612.54  2999013883
67613.414  2999014007
67617.29  2999014031
67622.13  2999014167
67632.15  2999014342
67633.84  2999014470
67636.28  2999014494
67638.484  2999014620
67645.09  2999014692
67655.31  2999014934
67658.016  2999014958
67665.875  2999015088
67666.99  2999015112
67670.48  2999015247
67670.79  2999015320
67672.305  2999015413
67679.0  2999015437
67681.23  2999015562
67689.72  2999015586
67690.38  2999015728
67690.64  2999015798
67691.664  2999015878
67693.945  2999015902
67694.75  2999015951
67698.516  2999016035
67708.016  2999016059
67708.76  2999016193
67712.63  2999016264
67716.72  2999016491
67723.78  2999016655
67724.46  2999016727
67726.24  2999016954
67734.03  2999016978
67734.69  2999017105
67737.59  2999017129
67739.97  2999017251
67743.805  2999017275
67746.055  2999017401
67746.38  2999017473
67749.92  2999017727
67750.195  2999017800
67754.125  2999017881
67754.33  2999017953
67757.87  2999018033
67758.44  2999018104
67758.91  2999018180
67762.91  2999018204
67764.01  2999018335
67764.195  2999018359
67768.016  2999018488
67768.79  2999018561
67769.84  2999018640
67775.14  2999018802
67778.234  2999018826
67779.3  2999018950
67779.51  2999019021
67783.805  2999019103
67793.51  2999019127
67799.63  2999019257
67800.484  2999019403
67801.305  2999019427
67807.71  2999019562
67810.48  2999019586
67810.97  2999019635
67811.62  2999019710
67811.836  2999019783
67815.79  2999019858
67824.08  2999020007
67826.05  2999020078
67827.65  2999020314
67847.57  2999020338
67852.664  2999020465
67860.73  2999020489
67864.41  2999020621
67865.06  2999020694
67869.03  2999020778
67871.61  2999020802
67876.75  2999020932
67877.555  2999020956
67888.19  2999021111
67889.43  2999021272
67893.336  2999021400
67896.22  2999021424
67897.31  2999021565
67898.39  2999021589
67899.22  2999021722
67899.56  2999021746
67900.88  2999021878
67902.75  2999021902
67904.49  2999022035
67911.016  2999022059
67911.85  2999022182
67912.08  2999022206
67913.234  2999022329
67919.79  2999022353
67921.37  2999022488
67921.55  2999022559
67921.945  2999022641
67922.38  2999022713
67929.43  2999022816
67933.93  2999022951
67936.16  2999022975
67936.38  2999023023
67937.234  2999023099
67939.68  2999023245
67939.87  2999023317
67940.29  2999023398
67940.48  2999023422
67942.586  2999023547
67943.72  2999023571
67946.836  2999023698
67954.85  2999023722
67956.664  2999023851
67959.31  2999023875
67963.695  2999024033
67966.945  2999024158
67967.13  2999024230
67969.67  2999024315
67981.29  2999024339
67982.87  2999024471
67985.74  2999024495
67994.46  2999024619
67994.97  2999024692
68001.87  2999025066
68008.195  2999025216
68008.39  2999025289
68008.97  2999025370
68015.75  2999025394
68016.38  2999025529
68016.64  2999025602
68019.58  2999025703
68023.62  2999025828
68027.79  2999025852
68032.76  2999025981
68033.125  2999026005
68033.44  2999026052
68034.22  2999026135
68036.6  2999026159
68041.85  2999026290
68043.74  2999026314
68049.67  2999026438
68051.78  2999026511
68052.625  2999026598
68053.2  2999026622
68060.74  2999026757
68060.984  2999026781
68061.875  2999026921
68062.91  2999026993
68063.7  2999027078
68065.74  2999027102
68066.445  2999027230
68068.51  2999027254
68073.97  2999027386
68085.63  2999027410
68087.78  2999027534
68091.59  2999027558
68096.6  2999027687
68097.805  2999027758
68101.234  2999027840
68102.42  2999027912
68104.87  2999028023
68105.62  2999028072
68106.89  2999028152
68108.32  2999028176
68110.75  2999028298
68111.03  2999028322
68116.04  2999028449
68121.586  2999028473
68125.98  2999028631
68126.21  2999028680
68130.1  2999028921
68134.9  2999028945
68135.14  2999028993
68136.7  2999029071
68137.28  2999029095
68138.57  2999029228
68138.88  2999029300
68143.81  2999029530
68146.84  2999029554
68148.41  2999029680
68153.39  2999029838
68154.555  2999029997
68156.35  2999030021
68157.0  2999030143
68157.84  2999030167
68158.17  2999030214
68158.78  2999030293
68161.695  2999030447
68162.37  2999030520
68163.8  2999030746
68165.414  2999030770
68167.05  2999031058
68171.484  2999031082
68176.41  2999031210
68178.42  2999031234
68182.15  2999031362
68183.76  2999031386
68185.805  2999031514
68185.99  2999031538
68190.42  2999031666
68192.67  2999031690
68194.73  2999031816
68195.625  2999031840
68197.71  2999031963
68199.35  2999031987
68205.27  2999032117
68205.49  2999032189
68206.555  2999032271
68207.65  2999032295
68209.66  2999032420
68211.61  2999032444
68211.94  2999032492
68215.3  2999032572
68304.68  2999032596
68312.87  2999032724
68313.97  2999032796
68318.5  2999033033
68318.72  2999033106
68326.58  2999033328
68329.1  2999033352
68332.195  2999033482
68332.4  2999033555
68340.5  2999033641
68340.734  2999033713
68341.266  2999033791
68344.55  2999033815
68345.23  2999033948
68356.63  2999033972
68370.625  2999034106
68370.875  2999034179
68376.23  2999034262
68376.72  2999034286
68380.21  2999034419
68385.71  2999034491
68386.69  2999034575
68387.51  2999034646
68390.555  2999034795
68391.2  2999034876
68391.39  2999034949
68392.02  2999035099
68395.57  2999035184
68396.4  2999035257
68401.82  2999035335
68404.1  2999035408
68406.055  2999035510
68407.1  2999035643
68408.21  2999035667
68409.87  2999035796
68411.02  2999035869
68412.43  2999035954
68415.305  2999035978
68415.71  2999036027
68537.695  2999036186
68538.06  2999036210
68538.305  2999036258
68658.586  2999036420
68658.766  2999036492
68659.31  2999036570
68660.84  2999036594
68661.14  2999036643
68781.66  2999036724
68782.8  2999036810
68905.17  2999037037
68997.29  2999037061
69001.914  2999037192
69002.305  2999037265
69005.59  2999037343
69008.76  2999037558
69014.61  2999037810
69135.34  2999037969
69136.18  2999038117
69262.28  2999038482
69382.16  2999038641
69399.49  2999038997
69401.46  2999039021
69401.914  2999039099
69402.29  2999039185
69404.46  2999039209
69404.72  2999039306
69410.125  2999039419
69410.414  2999039515
69412.375  2999039617
69412.555  2999039759
69533.19  2999039924
69534.71  2999039948
69534.97  2999040076
69654.73  2999040109
69655.336  2999040186
69659.91  2999040265
69662.34  2999040289
69663.414  2999040415
69665.55  2999040439
69665.94  2999040536
69667.03  2999040675
69674.14  2999040744
69677.05  2999040866
69681.13  2999041140
69687.516  2999041251
69687.72  2999041346
69690.25  2999041456
69693.195  2999041661
69700.73  2999041805
69814.12  2999041885
69820.07  2999041970
69820.3  2999042017
69820.47  2999042086
69822.484  2999042221
69822.67  2999042292
69825.54  2999042485
69832.14  2999042607
69832.555  2999042676
69833.01  2999042752
69834.52  2999042752
69835.57  2999042799
69838.26  2999042869
69841.74  2999042950
69842.48  2999042997
69842.67  2999043067
69847.234  2999043147
69850.13  2999043194
69850.99  2999043264
69860.375  2999043346
69860.59  2999043370
69860.82  2999043467
69864.99  2999043543
69865.88  2999043661
69866.734  2999043738
69868.01  2999043785
69868.73  2999043855
69872.95  2999043938
69874.61  2999043985
69875.27  2999044054
69877.51  2999044185
69877.72  2999044255
69882.37  2999044383
69883.02  2999044454
69888.14  2999044530
69894.875  2999044577
69895.22  2999044647
69898.02  2999044775
69898.195  2999044846
69900.73  2999045067
69910.49  2999045143
69923.94  2999045190
69925.81  2999045259
69929.234  2999045345
69935.27  2999045392
69935.73  2999045462
69936.41  2999045545
69944.35  2999045592
69944.6  2999045662
69945.74  2999045753
69946.72  2999045753
69947.34  2999045800
69947.53  2999045869
69948.516  2999046069
69953.96  2999046166
69958.33  2999046166
69959.21  2999046213
69961.73  2999046283
69965.23  2999046363
69965.945  2999046410
69966.16  2999046479
69970.73  2999046560
69982.02  2999046560
69982.23  2999046607
69983.03  2999046676
69985.234  2999047064
69986.45  2999047147
69987.805  2999047194
69988.11  2999047263
69988.92  2999047341
69991.695  2999047388
69999.336  2999047590
70002.516  2999047661
70020.62  2999047922
70020.836  2999047969
70021.68  2999048039
70026.336  2999048120
70028.98  2999048167
70029.16  2999048237
70032.836  2999048369
70041.2  2999048439
70044.82  2999048518
70052.63  2999048636
70055.92  2999048716
70057.95  2999048763
70058.125  2999048833
70061.31  2999048963
70061.78  2999049034
70062.67  2999049125
70063.484  2999049172
70067.875  2999049329
70073.67  2999049376
70073.96  2999049447
70079.055  2999049645
70083.516  2999049721
70085.57  2999049768
70086.48  2999049837
70087.664  2999049916
70089.6  2999049963
70089.98  2999050032
70096.65  2999050155
70097.0  2999050225
70100.71  2999050304
70102.64  2999050351
70103.414  2999050420
70105.23  2999050499
70117.94  2999050616
70121.5  2999050698
70126.59  2999050745
70127.29  2999050814
70130.43  2999050939
70131.96  2999051008
70134.04  2999051085
70134.31  2999051132
70134.484  2999051203
70138.234  2999051289
70139.984  2999051336
70140.164  2999051405
70142.805  2999051528
70143.21  2999051599
70144.35  2999051681
70144.59  2999051728
70144.77  2999051796
70146.586  2999051997
70147.07  2999052081
70148.81  2999052128
70149.78  2999052199
70155.445  2999052481
70165.84  2999052684
70168.03  2999052731
70168.805  2999052802
70179.516  2999053063
70181.43  2999053110
70181.6  2999053181
70182.62  2999053257
70187.64  2999053257
70188.05  2999053304
70188.39  2999053374
70190.22  2999053499
70192.55  2999053570
70197.95  2999053646
70199.63  2999053763
70202.03  2999053840
70213.55  2999053887
70215.62  2999053957
70217.58  2999054035
70218.97  2999054082
70227.2  2999054153
70238.36  2999054237
70239.305  2999054438
70241.53  2999054556
70246.96  2999054642
70247.84  2999054689
70248.02  2999054760
70249.055  2999054834
70250.87  2999054881
70251.04  2999054951
70256.76  2999055150
70260.81  2999055226
70263.79  2999055273
70272.06  2999055477
70272.3  2999055547
70275.92  2999055624
70278.23  2999055742
70280.34  2999055817
70283.086  2999056000
70291.04  2999056194
70291.72  2999056241
70291.94  2999056312
70293.73  2999056389
70294.49  2999056436
70294.82  2999056505
70296.34  2999056699
70300.625  2999056779
70300.836  2999056826
70301.02  2999056896
70352.62  2999057171
70357.59  2999057218
70358.88  2999057287
70362.87  2999057374
70365.72  2999057573
70370.914  2999057691
70374.805  2999057975
70379.484  2999058177
70381.72  2999058224
70382.04  2999058295
70385.22  2999058419
70385.5  2999058489
70386.73  2999058568
70387.08  2999058615
70387.914  2999058685
70393.445  2999058882
70396.92  2999058971
70398.95  2999059018
70399.664  2999059088
70403.14  2999059166
70427.6  2999059213
70441.836  2999059284
70442.72  2999059378
70443.87  2999059425
70444.04  2999059496
70450.29  2999059836
70450.91  2999059907
70452.19  2999060100
70456.41  2999060189
70461.31  2999060306
70461.695  2999060384
70461.97  2999060431
70462.164  2999060502
70466.82  2999060592
70467.06  2999060639
70467.29  2999060708
70471.11  2999060783
70472.664  2999060830
70472.92  2999060901
70474.76  2999061097
70475.72  2999061175
70477.27  2999061222
70477.45  2999061292
70478.74  2999061367
70482.02  2999061414
70482.234  2999061484
70484.96  2999061686
70488.72  2999061768
70490.4  2999061815
70490.6  2999061886
70494.0  2999061972
70498.23  2999062019
70498.414  2999062089
70498.98  2999062172
70508.37  2999062219
70508.59  2999062288
70509.72  2999062366
70511.21  2999062413
70512.46  2999062484
70516.6  2999062564
70517.99  2999062611
70518.32  2999062681
70522.67  2999062764
70524.63  2999062881
70528.445  2999062971
70529.56  2999063018
70529.766  2999063088
70538.125  2999063173
70543.36  2999063220
70548.53  2999063289
70549.414  2999063367
70549.86  2999063414
70550.266  2999063485
70554.73  2999063626
70555.04  2999063694
70564.8  2999063777
70565.17  2999063824
70567.555  2999063895
70571.35  2999063970
70573.234  2999064017
70574.08  2999064167
70582.04  2999064361
70583.6  2999064408
70583.78  2999064478
70584.56  2999064680
70591.59  2999064876
70598.3  2999065146
70602.57  2999065193
70607.89  2999065347
70609.57  2999065394
70610.35  2999065465
70611.21  2999065545
70612.58  2999065592
70612.805  2999065663
70617.96  2999065794
70621.59  2999065863
70624.02  2999065997
70624.38  2999066068
70625.46  2999066263
70626.21  2999066338
70628.25  2999066385
70628.65  2999066455
70631.27  2999066590
70631.69  2999066660
70635.88  2999066746
70636.6  2999066746
70637.46  2999066793
70637.76  2999066863
70643.12  2999066938
70644.29  2999066985
70645.89  2999067054
70647.02  2999067135
70647.27  2999067182
70648.09  2999067253
70651.664  2999067334
70654.414  2999067381
70655.51  2999067451
70659.26  2999067770
70659.69  2999067840
70663.57  2999068046
70670.49  2999068123
70673.81  2999068170
70709.664  2999068240
70715.766  2999068449
70719.484  2999068534
70721.42  2999068652
70721.96  2999068732
70737.164  2999068850
70738.48  2999068931
70738.7  2999068978
70739.63  2999069048
70740.53  2999069250
70743.516  2999069457
70744.48  2999069590
70745.164  2999069661
70748.836  2999069748
70760.5  2999069748
70760.69  2999069795
70760.96  2999069866
70761.46  2999069944
70763.56  2999070062
70769.23  2999070194
70772.75  2999070399
70795.266  2999070549
70797.11  2999070596
70801.38  2999070666
70805.1  2999070745
70805.34  2999070792
70809.445  2999070861
70814.27  2999070942
70815.914  2999070989
70816.21  2999071059
70816.83  2999071150
70818.65  2999071197
70818.88  2999071267
70821.12  2999071395
70821.41  2999071465
70822.47  2999071664
70822.92  2999071744
70824.25  2999072059
70825.375  2999072194
70825.6  2999072264
70826.86  2999072460
70828.305  2999072660
70829.24  2999072738
70830.76  2999072785
70831.49  2999072855
70836.25  2999072944
70838.234  2999072991
70839.125  2999073061
70839.555  2999073139
70841.26  2999073186
70841.51  2999073254
70846.81  2999073335
70847.4  2999073452
70847.97  2999073528
70860.305  2999073644
70861.02  2999073724
70862.42  2999073771
70863.445  2999073921
70870.52  2999073968
70870.81  2999074038
70874.53  2999074131
70876.055  2999074249
70879.51  2999074339
70879.734  2999074386
70879.95  2999074455
70883.805  2999074532
70888.51  2999074579
70895.016  2999074729
70896.21  2999074776
70896.4  2999074846
70899.38  2999075242
70902.805  2999075323
70903.484  2999075370
70903.73  2999075441
70906.016  2999075567
70907.914  2999075637
70913.05  2999075822
70914.12  2999075906
70914.336  2999075953
70914.51  2999076023
70919.23  2999076105
70919.72  2999076152
70919.99  2999076223
70923.95  2999076310
70924.99  2999076357
70929.87  2999076427
70934.734  2999076703
70936.65  2999076750
70936.89  2999076820
70943.04  2999076897
70943.484  2999077014
70946.89  2999077092
70947.35  2999077209
70947.76  2999077294
70949.38  2999077341
70949.6  2999077411
70952.27  2999077612
70955.71  2999077691
70961.4  2999077809
70965.87  2999077885
70967.305  2999077885
70967.69  2999077932
70968.3  2999078002
70972.375  2999078081
70977.836  2999078128
70982.805  2999078276
70983.0  2999078323
70983.26  2999078393
70985.69  2999078519
70986.41  2999078588
70990.195  2999078691
70990.484  2999078738
70991.21  2999078894
70994.8  2999079012
70995.766  2999079100
70996.016  2999079147
70996.32  2999079218
70998.45  2999079356
70999.33  2999079427
71000.21  2999079513
71001.17  2999079630
71004.18  2999079834
71005.14  2999079909
71005.36  2999079956
71005.55  2999080027
71009.055  2999080105
71009.75  2999080152
71010.45  2999080221
71020.58  2999080348
71021.23  2999080418
71022.06  2999080497
71022.3  2999080544
71024.836  2999080744
71025.016  2999080814
71028.58  2999080901
71030.04  2999080948
71031.63  2999081019
71033.055  2999081302
71034.43  2999081349
71034.71  2999081420
71035.78  2999081551
71036.41  2999081622
71038.51  2999081760
71038.71  2999081831
71043.38  2999081969
71043.586  2999082038
71046.06  2999082158
71048.0  2999082229
71050.69  2999082366
71055.234  2999082517
71055.484  2999082564
71056.234  2999082634
71060.17  2999082709
71064.914  2999082910
71065.85  2999083028
71066.22  2999083102
71066.62  2999083219
71070.8  2999083422
71071.125  2999083507
71072.96  2999083624
71073.86  2999083824
71078.63  2999083898
71081.57  2999084015
71087.25  2999084328
71087.43  2999084397
71090.43  2999084786
71094.266  2999084862
71096.805  2999084909
71103.92  2999084979
71107.72  2999085057
71109.195  2999085175
71111.36  2999085302
71111.586  2999085371
71112.26  2999085453
71113.34  2999085571
71114.086  2999085657
71115.14  2999085657
71115.51  2999085704
71116.23  2999085773
71118.52  2999085900
71121.016  2999085971
71121.9  2999086050
71127.71  2999086231
71130.84  2999086349
71135.45  2999086430
71137.555  2999086547
71138.0  2999086625
71138.66  2999086672
71138.85  2999086743
71140.36  2999086940
71145.18  2999087025
71147.81  2999087072
71177.445  2999087143
71188.86  2999087232
71189.29  2999087279
71189.55  2999087350
71194.41  2999087427
71195.125  2999087545
71195.72  2999087629
71197.75  2999087676
71204.26  2999087877
71204.46  2999087948
71207.3  2999088148
71210.2  2999088278
71222.13  2999088437
71224.57  2999088484
71243.42  2999088554
71259.1  2999088956
71262.81  2999089040
71265.96  2999089087
71266.29  2999089157
71268.95  2999089241
71273.21  2999089358
71274.305  2999089432
71280.45  2999089625
71280.45  2999089625
71280.95  2999089672
71281.29  2999089743
71284.734  2999089825
71286.44  2999089872
71286.695  2999089942
71289.24  2999090020
71289.54  2999090067
71290.484  2999090136
71293.78  2999090217
71299.17  2999090264
71299.41  2999090334
71302.555  2999090527
71304.805  2999090718
71305.38  2999090795
71310.414  2999090842
71311.22  2999090913
71316.375  2999090988
71316.59  2999091035
71316.89  2999091105
71320.4  2999091188
71322.87  2999091235
71323.234  2999091305
71326.3  2999091499
71372.8  2999091587
71375.16  2999091634
71375.48  2999091705
71378.08  2999091897
71378.516  2999091970
71380.0  2999091970
71380.21  2999092017
71380.4  2999092087
71382.586  2999092210
71382.92  2999092279
71387.2  2999092682
71387.66  2999092771
71388.61  2999092818
71393.05  2999092976
71394.914  2999093023
71395.1  2999093093
71401.2  2999093404
71401.836  2999093475
71404.71  2999093604
71405.17  2999093675
71417.164  2999094065
71423.57  2999094189
71424.05  2999094260
71424.914  2999094346
71426.055  2999094393
71427.12  2999094463
71430.414  2999094660
71435.016  2999094736
71436.78  2999094783
71436.98  2999094853
71439.586  2999095049
71440.57  2999095133
71440.875  2999095180
71441.19  2999095250
71442.164  2999095328
71443.25  2999095375
71443.914  2999095445
71447.42  2999095520
71450.11  2999095567
71453.56  2999095768
71453.84  2999095839
71457.07  2999096033
71461.58  2999096114
71462.305  2999096161
71462.51  2999096232
71469.586  2999096359
71469.836  2999096429
71472.84  2999096549
71473.16  2999096620
71485.4  2999096896
71487.695  2999097012
71494.04  2999097148
71494.305  2999097217
71499.98  2999097341
71501.82  2999097411
71503.016  2999097492
71503.266  2999097539
71503.555  2999097610
71505.59  2999097685
71505.914  2999097732
71506.28  2999097802
71510.35  2999097890
71512.86  2999098008
71515.15  2999098091
71515.375  2999098138
71515.62  2999098209
71528.336  2999098494
71528.516  2999098541
71528.71  2999098612
71530.1  2999098818
71533.76  2999098897
71536.09  2999099014
71536.52  2999099116
71538.38  2999099163
71539.18  2999099310
71539.39  2999099357
71541.016  2999099428
71542.3  2999099552
71542.51  2999099622
71543.05  2999099708
71553.1  2999099907
71584.35  2999099954
71584.68  2999100024
71585.37  2999100104
71588.55  2999100151
71599.33  2999100311
71614.836  2999100358
71615.61  2999100428
71625.08  2999100516
71625.97  2999100563
71626.234  2999100632
71629.42  2999100708
71635.23  2999100755
71635.89  2999100826
71649.2  2999101110
71649.51  2999101157
71650.414  2999101228
71675.37  2999101360
71677.3  2999101431
71681.375  2999101613
71684.76  2999101745
71687.94  2999101815
71692.87  2999101890
71693.09  2999101937
71693.36  2999102006
71698.33  2999102084
71698.59  2999102131
71698.914  2999102201
71703.445  2999102284
71704.336  2999102331
71706.164  2999102401
71716.34  2999102477
71717.23  2999102524
71718.555  2999102595
71721.914  2999102675
71725.164  2999102790
71727.516  2999102884
71727.766  2999102931
71727.96  2999103000
71728.96  2999103082
71729.51  2999103129
71729.93  2999103200
71730.91  2999103276
71732.59  2999103392
71734.58  2999103527
71734.88  2999103597
71738.48  2999103685
71750.04  2999103732
71750.54  2999103803
71769.234  2999103933
71770.805  2999104004
71778.016  2999104194
71780.53  2999104275
71781.414  2999104322
71782.234  2999104393
71788.6  2999104476
71790.55  2999104523
71803.16  2999104717
71805.85  2999104787
71813.47  2999105059
71820.71  2999105106
71821.58  2999105177
71825.29  2999105298
71825.56  2999105368
71835.836  2999105560
71840.68  2999105763
71842.336  2999105893
71842.53  2999105964
71846.44  2999106040
71849.52  2999106040
71849.766  2999106087
71852.62  2999106238
71854.24  2999106285
71854.99  2999106355
71867.04  2999106555
71871.734  2999106638
71874.336  2999106685
71876.05  2999106756
71884.586  2999106959
71892.25  2999107225
71896.94  2999107343
71903.695  2999107431
71905.445  2999107548
71911.45  2999107865
71912.414  2999107936
71917.586  2999108130
71926.43  2999108316
71929.69  2999108407
71947.7  2999108407
71947.92  2999108454
71948.12  2999108525
71949.68  2999108655
71950.03  2999108724
71951.266  2999108813
71952.32  2999108837
71952.65  2999108916
71954.66  2999109113
71958.74  2999109192
71959.01  2999109239
71959.336  2999109309
71977.08  2999109439
71977.42  2999109509
71980.87  2999109590
71997.06  2999109637
71997.24  2999109708
72000.78  2999109786
72002.21  2999109902
72007.68  2999109988
72008.41  2999110035
72009.08  2999110105
72014.766  2999110238
72015.0  2999110309
72015.48  2999110402
72015.72  2999110449
72022.89  2999110648
72023.7  2999110718
72025.805  2999110991
72033.88  2999111109
72038.01  2999111199
72038.24  2999111246
72038.44  2999111317
72043.19  2999111396
72047.76  2999111443
72047.97  2999111514
72052.91  2999111595
72053.15  2999111642
72053.37  2999111712
72058.9  2999111789
72070.01  2999111836
72070.36  2999111907
72075.68  2999112033
72076.53  2999112103
72079.8  2999112185
72080.82  2999112302
72085.695  2999112381
72089.4  2999112428
72089.58  2999112497
72094.26  2999112580
72105.914  2999112698
72106.48  2999112775
72122.32  2999112975
72123.11  2999113022
72123.34  2999113092
72124.11  2999113215
72124.33  2999113286
72129.17  2999113482
72132.64  2999113559
72143.85  2999113606
72145.04  2999113676
72148.55  2999113763
72152.83  2999113810
72153.81  2999113881
72158.22  2999114016
72158.96  2999114086
72281.39  2999114164
