26407.943  
26408.127  3425183882
26408.887  3425184099
26409.217  3425185540
26409.76  3425185570
26410.307  3425185600
26410.744  3425185630
26411.291  3425185660
26411.838  3425185690
26412.277  3425185720
26412.713  3425185750
26413.15  3425185780
26413.7  3425185810
26414.246  3425185840
26414.682  3425185870
26415.229  3425185900
26415.668  3425185930
26416.215  3425185960
26416.76  3425185990
26417.307  3425186020
26417.963  3425186050
26418.51  3425186080
26418.95  3425186110
26419.494  3425186140
26419.932  3425186170
26420.479  3425186200
26421.027  3425186230
26421.465  3425186260
26422.01  3425186290
26422.564  3425186320
26422.996  3425186350
26423.541  3425186380
26423.979  3425186410
26424.525  3425186440
26424.965  3425186470
26425.516  3425186500
26425.95  3425186530
26426.498  3425186560
26427.041  3425186590
26427.479  3425186620
26428.025  3425186650
26428.469  3425186680
26429.01  3425186710
26429.557  3425186740
26429.994  3425186770
26430.543  3425186800
26430.98  3425186830
26431.527  3425186860
26431.963  3425186890
26432.512  3425186920
26432.947  3425186950
26433.496  3425186980
26434.049  3425187010
26434.48  3425187040
26435.135  3425187070
26435.793  3425187100
26436.338  3425187130
26436.775  3425187160
26437.33  3425187190
26437.979  3425187220
26438.637  3425187250
26439.182  3425187280
26439.838  3425187310
26440.277  3425187340
26440.934  3425187370
26441.488  3425187400
26442.139  3425187430
26442.572  3425187460
26443.12  3425187490
26443.557  3425187520
26444.104  3425187546
26444.541  3425187576
26445.088  3425187606
26445.635  3425187636
26446.072  3425187666
26446.621  3425187696
26447.059  3425187722
26447.604  3425187752
26448.15  3425187782
26448.59  3425187812
26449.135  3425187842
26449.574  3425187872
26450.121  3425187902
26450.557  3425187932
26451.104  3425187962
26451.76  3425187992
26452.416  3425188022
26452.854  3425188052
26453.402  3425188082
26453.838  3425188112
26454.389  3425188142
26454.824  3425188172
26455.371  3425188202
26455.916  3425188232
26456.355  3425188262
26456.9  3425188292
26457.35  3425188322
26457.889  3425188352
26458.873  3425188382
26459.416  3425188412
26459.965  3425188442
26460.404  3425188472
26460.951  3425188502
26461.494  3425188532
26461.932  3425188562
26462.479  3425188592
26462.916  3425188622
26463.463  3425188652
26463.9  3425188682
26464.447  3425188712
26464.885  3425188742
26465.432  3425188772
26465.98  3425188802
26466.416  3425188832
26466.969  3425188862
26467.4  3425188892
26467.947  3425188922
26468.387  3425188952
26468.932  3425188982
26469.479  3425189012
26469.916  3425189042
26470.572  3425189072
26471.229  3425189102
26471.775  3425189132
26472.432  3425189162
26473.088  3425189192
26473.744  3425189222
26474.291  3425189252
26474.947  3425189282
26475.604  3425189312
26476.264  3425189342
26477.025  3425189372
26477.684  3425189402
26478.342  3425189432
26478.994  3425189462
26479.541  3425189492
26480.197  3425189518
26480.854  3425189548
26481.512  3425189578
26482.166  3425189604
26482.824  3425189634
26483.48  3425189664
26484.025  3425189694
26484.709  3425189724
26485.338  3425189754
26485.885  3425189784
26486.549  3425189814
26487.2  3425189844
26487.748  3425189874
26488.4  3425189904
26489.057  3425189934
26489.713  3425189964
26490.262  3425189994
26490.916  3425190020
26491.572  3425190050
26492.12  3425190080
26492.785  3425190110
26493.438  3425190140
26494.09  3425190170
26494.746  3425190200
26495.291  3425190226
26495.945  3425190256
26496.604  3425190286
26497.15  3425190316
26497.812  3425190346
26498.463  3425190376
26499.01  3425190406
26499.666  3425190436
26500.324  3425190466
26500.873  3425190492
26501.525  3425190522
26502.19  3425190552
26502.836  3425190582
26503.385  3425190612
26504.041  3425190642
26504.697  3425190672
26505.244  3425190698
26505.902  3425190728
26506.557  3425190758
26507.213  3425190788
26507.762  3425190818
26508.416  3425190848
26509.09  3425190878
26509.729  3425190908
26510.275  3425190938
26510.934  3425190968
26511.807  3425190998
26512.463  3425191028
26513.01  3425191058
26513.668  3425191088
26514.322  3425191118
26514.982  3425191148
26515.527  3425191178
26516.182  3425191208
26516.836  3425191238
26517.496  3425191268
26518.041  3425191298
26518.697  3425191328
26519.354  3425191358
26519.9  3425191388
26520.555  3425191418
26521.262  3425191448
26521.871  3425191478
26522.414  3425191508
26523.07  3425191538
26523.738  3425191568
26524.275  3425191598
26524.932  3425191628
26525.588  3425191658
26526.244  3425191688
26526.793  3425191718
26527.445  3425191748
26528.102  3425191778
26528.977  3425191808
26529.635  3425191838
26530.29  3425191868
26530.945  3425191898
26531.494  3425191928
26532.15  3425191958
26532.81  3425191988
26533.477  3425192018
26534.023  3425192048
26534.666  3425192078
26535.324  3425192108
26535.98  3425192138
26536.525  3425192168
26537.29  3425192198
26537.836  3425192228
26538.494  3425192258
26539.041  3425192288
26539.695  3425192314
26540.357  3425192344
26541.01  3425192374
26541.555  3425192404
26542.219  3425192434
26542.76  3425192464
26543.2  3425192494
26543.744  3425192524
26544.29  3425192554
26544.727  3425192584
26545.28  3425192614
26545.822  3425192644
26546.26  3425192674
26546.807  3425192704
26547.244  3425192734
26547.791  3425192764
26548.342  3425192794
26548.992  3425192820
26549.43  3425192850
26549.979  3425192880
26550.414  3425192910
26550.965  3425192940
26551.4  3425192970
26551.945  3425193000
26552.385  3425193030
26552.941  3425193060
26553.477  3425193090
26553.914  3425193120
26554.46  3425193150
26555.01  3425193180
26555.445  3425193210
26555.992  3425193240
26556.43  3425193270
26556.977  3425193300
26557.531  3425193330
26558.07  3425193360
26558.508  3425193390
26559.059  3425193420
26559.492  3425193450
26560.041  3425193480
26560.59  3425193510
26561.04  3425193540
26561.57  3425193570
26562.117  3425193596
26562.775  3425193626
26563.322  3425193656
26563.982  3425193686
26564.43  3425193716
26564.967  3425193746
26565.398  3425193776
26566.055  3425193806
26566.605  3425193836
26567.15  3425193866
26567.588  3425193896
26568.133  3425193926
26568.57  3425193956
26569.12  3425193986
26569.666  3425194016
26570.105  3425194046
26570.648  3425194076
26571.086  3425194106
26571.633  3425194136
26572.18  3425194166
26572.617  3425194196
26573.166  3425194226
26573.602  3425194256
26574.148  3425194286
26574.588  3425194316
26575.133  3425194346
26575.682  3425194376
26576.127  3425194406
26576.664  3425194436
26577.21  3425194466
26577.648  3425194496
26578.2  3425194526
26578.633  3425194556
26579.18  3425194586
26579.617  3425194616
26580.164  3425194646
26580.713  3425194676
26581.428  3425194706
26581.941  3425194736
26582.477  3425194766
26583.336  3425194796
26583.912  3425194826
26584.324  3425194856
26584.87  3425194886
26585.416  3425194916
26585.861  3425194946
26586.29  3425194976
26586.836  3425195006
26587.383  3425195036
26587.822  3425195066
26588.37  3425195096
26589.025  3425195126
26589.572  3425195152
26590.229  3425195182
26590.668  3425195212
26591.213  3425195242
26591.65  3425195272
26592.195  3425195302
26592.852  3425195332
26593.309  3425195362
26593.836  3425195392
26594.383  3425195422
26594.93  3425195452
26595.367  3425195482
26595.805  3425195512
26596.352  3425195542
26596.898  3425195572
26597.348  3425195602
26597.883  3425195632
26598.328  3425195662
26598.867  3425195692
26599.309  3425195722
26599.83  3425195752
26600.322  3425195782
26600.725  3425195812
26601.127  3425195842
26601.629  3425195872
26602.031  3425195902
26602.533  3425195932
26602.938  3425195962
26603.541  3425195992
26604.07  3425196022
26604.727  3425196052
26605.492  3425196082
26606.041  3425196112
26606.594  3425196142
26607.242  3425196172
26607.904  3425196202
26608.445  3425196232
26609.324  3425196262
26610.086  3425196292
26610.76  3425196322
26611.398  3425196352
26611.945  3425196382
26612.61  3425196412
26613.37  3425196438
26613.807  3425196468
26614.46  3425196498
26615.12  3425196528
26615.78  3425196558
26616.543  3425196588
26617.195  3425196618
26617.965  3425196648
26618.729  3425196678
26619.494  3425196708
26620.258  3425196738
26621.023  3425196768
26621.787  3425196798
26622.568  3425196828
26623.332  3425196858
26623.982  3425196884
26624.756  3425196914
26625.508  3425196940
26626.273  3425196970
26627.04  3425197000
26627.803  3425197030
26628.53  3425197060
26629.238  3425197090
26629.838  3425197120
26630.547  3425197150
26631.244  3425197180
26631.959  3425197210
26632.652  3425197240
26633.258  3425197270
26633.96  3425197300
26634.664  3425197330
26635.47  3425197360
26635.975  3425197390
26636.676  3425197420
26637.38  3425197450
26638.133  3425197480
26638.787  3425197510
26639.393  3425197540
26640.1  3425197570
26640.826  3425197600
26641.426  3425197630
26642.008  3425197656
26642.611  3425197686
26643.398  3425197716
26643.932  3425197742
26644.453  3425197772
26645.229  3425197798
26645.73  3425197828
26646.232  3425197858
26646.836  3425197888
26647.447  3425197918
26648.041  3425197948
26648.678  3425197978
26649.06  3425198008
26649.69  3425198038
26650.268  3425198068
26650.863  3425198098
26651.365  3425198128
26651.865  3425198158
26652.473  3425198188
26652.975  3425198218
26653.709  3425198248
26654.182  3425198278
26654.582  3425198308
26655.09  3425198338
26655.514  3425198368
26655.988  3425198398
26656.414  3425198428
26656.914  3425198458
26657.297  3425198488
26657.822  3425198518
26658.307  3425198548
26658.715  3425198578
26659.229  3425198608
26659.617  3425198638
26660.13  3425198668
26660.523  3425198698
26661.02  3425198728
26661.418  3425198758
26662.023  3425198784
26662.527  3425198810
26662.932  3425198840
26663.33  3425198870
26663.844  3425198900
26664.25  3425198930
26664.762  3425198960
26665.252  3425198990
26665.676  3425199020
26666.047  3425199050
26666.55  3425199080
26666.96  3425199110
26667.455  3425199140
26667.863  3425199170
26668.266  3425199200
26668.77  3425199230
26669.271  3425199260
26669.68  3425199290
26670.174  3425199320
26670.576  3425199350
26671.082  3425199380
26671.48  3425199410
26672.084  3425199440
26672.588  3425199470
26673.197  3425199500
26673.814  3425199530
26674.36  3425199560
26674.988  3425199590
26675.521  3425199620
26675.922  3425199650
26676.623  3425199680
26677.01  3425199710
26677.621  3425199740
26678.22  3425199770
26678.72  3425199800
26679.424  3425199826
26680.078  3425199852
26680.645  3425199882
26681.145  3425199912
26681.68  3425199938
26682.256  3425199968
26682.863  3425199998
26683.654  3425200024
26684.264  3425200054
26684.758  3425200084
26685.402  3425200114
26685.994  3425200144
26686.467  3425200174
26687.068  3425200204
26687.57  3425200234
26688.076  3425200264
26688.709  3425200294
26689.281  3425200324
26689.889  3425200354
26690.393  3425200384
26691.02  3425200414
26691.602  3425200444
26692.123  3425200470
26692.602  3425200500
26693.232  3425200530
26693.814  3425200560
26694.312  3425200590
26694.918  3425200620
26695.521  3425200650
26696.023  3425200680
26696.633  3425200710
26697.13  3425200740
26697.734  3425200770
26698.336  3425200800
26698.84  3425200830
26699.45  3425200860
26699.943  3425200890
26700.959  3425200916
26701.566  3425200942
26702.064  3425200972
26702.762  3425200998
26703.365  3425201028
26703.865  3425201058
26704.477  3425201088
26705.074  3425201118
26705.576  3425201148
26706.18  3425201178
26706.684  3425201204
26707.287  3425201234
26707.896  3425201264
26708.395  3425201294
26709.002  3425201324
26709.607  3425201354
26710.105  3425201384
26710.705  3425201414
26711.209  3425201444
26711.812  3425201474
26712.318  3425201504
26712.928  3425201534
26713.533  3425201564
26714.027  3425201594
26714.633  3425201624
26715.17  3425201654
26715.738  3425201684
26716.24  3425201714
26716.842  3425201744
26717.346  3425201774
26717.955  3425201804
26718.56  3425201834
26719.098  3425201864
26719.682  3425201894
26720.398  3425201920
26720.967  3425201950
26721.49  3425201980
26722.084  3425202010
26722.68  3425202040
26723.18  3425202070
26723.787  3425202100
26724.312  3425202130
26724.793  3425202160
26725.498  3425202190
26725.994  3425202220
26726.5  3425202250
26727.107  3425202280
26727.604  3425202310
26728.207  3425202340
26728.71  3425202370
26729.326  3425202400
26729.918  3425202430
26730.42  3425202460
26731.023  3425202490
26731.527  3425202520
26732.135  3425202550
26732.633  3425202580
26733.236  3425202610
26733.74  3425202640
26734.344  3425202670
26734.848  3425202700
26735.451  3425202730
26736.053  3425202760
26736.557  3425202790
26737.166  3425202816
26737.662  3425202842
26738.266  3425202872
26738.87  3425202902
26739.38  3425202932
26739.977  3425202962
26740.479  3425202992
26741.084  3425203022
26741.686  3425203052
26742.19  3425203082
26742.791  3425203112
26743.396  3425203142
26743.9  3425203172
26744.504  3425203202
26745.01  3425203232
26745.64  3425203262
26746.111  3425203292
26746.715  3425203322
26747.223  3425203352
26747.83  3425203378
26748.424  3425203408
26748.928  3425203438
26749.531  3425203468
26750.033  3425203498
26750.643  3425203528
26751.14  3425203558
26751.744  3425203588
26752.25  3425203614
26752.854  3425203644
26753.453  3425203674
26753.959  3425203704
26754.768  3425203730
26755.303  3425203756
26755.873  3425203786
26756.47  3425203816
26756.975  3425203846
26757.479  3425203876
26758.104  3425203906
26758.688  3425203936
26759.188  3425203966
26759.791  3425203996
26760.4  3425204026
26760.898  3425204056
26761.52  3425204086
26762.004  3425204116
26762.61  3425204146
26763.225  3425204176
26763.713  3425204206
26764.322  3425204236
26764.93  3425204266
26765.457  3425204296
26765.926  3425204326
26766.533  3425204356
26767.033  3425204386
26767.639  3425204416
26768.14  3425204446
26768.77  3425204476
26769.346  3425204506
26769.867  3425204536
26770.354  3425204566
26770.959  3425204596
26771.66  3425204626
26772.164  3425204652
26772.898  3425204678
26773.344  3425204708
26773.992  3425204738
26774.654  3425204768
26775.305  3425204798
26775.957  3425204824
26776.613  3425204854
26777.168  3425204884
26777.818  3425204914
26778.37  3425204940
26779.059  3425204970
26779.68  3425205000
26780.332  3425205026
26780.88  3425205056
26781.656  3425205086
26782.213  3425205116
26782.857  3425205146
26783.531  3425205176
26784.053  3425205206
26784.707  3425205236
26785.365  3425205266
26785.912  3425205296
26786.625  3425205326
26787.236  3425205352
26787.885  3425205382
26788.451  3425205412
26789.094  3425205442
26789.752  3425205472
26790.406  3425205502
26790.945  3425205532
26791.598  3425205562
26792.262  3425205592
26792.918  3425205622
26793.57  3425205652
26794.232  3425205682
26794.77  3425205712
26795.426  3425205738
26796.084  3425205764
26796.658  3425205794
26797.396  3425205820
26798.162  3425205850
26798.93  3425205880
26799.584  3425205910
26800.348  3425205940
26801.115  3425205970
26801.88  3425206000
26802.664  3425206030
26803.416  3425206060
26804.182  3425206090
26804.943  3425206120
26805.707  3425206150
26806.475  3425206180
26807.242  3425206210
26808.016  3425206240
26808.66  3425206270
26809.549  3425206300
26810.195  3425206330
26811.072  3425206360
26811.729  3425206390
26812.488  3425206420
26813.389  3425206450
26814.02  3425206480
26814.795  3425206510
26815.55  3425206540
26816.338  3425206570
26817.082  3425206600
26817.85  3425206630
26818.633  3425206660
26819.393  3425206690
26820.152  3425206720
26820.803  3425206750
26821.568  3425206780
26822.332  3425206810
26823.098  3425206840
26823.865  3425206870
26824.635  3425206900
26825.291  3425206930
26826.064  3425206960
26826.816  3425206990
26827.59  3425207020
26828.352  3425207050
26829.117  3425207080
26829.885  3425207110
26830.535  3425207140
26831.303  3425207170
26832.08  3425207200
26832.834  3425207230
26833.598  3425207260
26834.367  3425207290
26835.133  3425207320
26835.896  3425207350
26836.56  3425207380
26837.434  3425207410
26838.082  3425207440
26838.85  3425207470
26839.613  3425207500
26840.393  3425207530
26841.148  3425207560
26841.912  3425207590
26842.713  3425207620
26843.441  3425207650
26844.102  3425207680
26844.973  3425207710
26845.63  3425207740
26846.396  3425207770
26847.16  3425207800
26847.926  3425207830
26848.691  3425207860
26849.568  3425207890
26850.113  3425207920
26850.887  3425207950
26851.652  3425207980
26852.412  3425208010
26853.178  3425208040
26853.967  3425208070
26854.707  3425208100
26855.48  3425208130
26856.129  3425208160
26856.895  3425208190
26857.66  3425208220
26858.426  3425208250
26859.193  3425208280
26859.959  3425208310
26860.613  3425208340
26861.38  3425208370
26862.148  3425208400
26862.914  3425208430
26863.678  3425208460
26864.441  3425208490
26865.207  3425208520
26865.879  3425208550
26866.746  3425208580
26867.44  3425208610
26868.164  3425208640
26868.928  3425208670
26869.691  3425208700
26870.457  3425208730
26871.115  3425208760
26871.879  3425208790
26872.652  3425208820
26873.412  3425208850
26874.176  3425208880
26874.953  3425208910
26875.707  3425208940
26876.479  3425208970
26877.268  3425209000
26877.895  3425209030
26878.662  3425209060
26879.426  3425209090
26880.195  3425209120
26880.957  3425209150
26881.613  3425209180
26882.271  3425209210
26882.82  3425209240
26883.473  3425209270
26884.13  3425209300
26884.678  3425209330
26885.332  3425209360
26885.986  3425209390
26886.645  3425209420
26887.191  3425209450
26887.855  3425209480
26888.504  3425209510
26889.158  3425209540
26889.814  3425209570
26890.492  3425209600
26891.03  3425209630
26891.678  3425209660
26892.332  3425209690
26892.879  3425209720
26893.645  3425209746
26894.197  3425209776
26894.852  3425209806
26895.506  3425209836
26896.049  3425209866
26896.715  3425209896
26897.379  3425209926
26898.02  3425209956
26898.57  3425209986
26899.223  3425210016
26899.88  3425210046
26900.426  3425210076
26901.082  3425210106
26901.738  3425210136
26902.395  3425210166
26902.941  3425210196
26903.6  3425210226
26904.266  3425210256
26905.02  3425210282
26905.68  3425210312
26906.336  3425210342
26907.102  3425210372
26907.754  3425210402
26908.527  3425210432
26909.287  3425210462
26910.05  3425210492
26910.828  3425210518
26911.637  3425210548
26912.348  3425210578
26913.117  3425210608
26913.78  3425210638
26914.535  3425210668
26915.299  3425210698
26916.188  3425210728
26916.857  3425210758
26917.602  3425210784
26918.361  3425210814
26919.145  3425210844
26919.783  3425210874
26920.55  3425210904
26921.314  3425210934
26922.08  3425210964
26922.846  3425210994
26923.611  3425211024
26924.27  3425211054
26925.033  3425211084
26925.805  3425211114
26926.574  3425211140
26927.338  3425211170
26928.096  3425211200
26928.867  3425211230
26929.637  3425211260
26930.393  3425211290
26931.162  3425211316
26931.926  3425211346
26932.69  3425211376
26933.46  3425211406
26934.115  3425211436
26934.877  3425211466
26935.645  3425211496
26936.412  3425211522
26937.176  3425211552
26937.94  3425211582
26938.705  3425211612
26939.365  3425211642
26940.129  3425211672
26940.893  3425211702
26941.66  3425211732
26942.535  3425211762
26943.19  3425211792
26944.066  3425211822
26944.83  3425211852
26945.596  3425211878
26946.363  3425211908
26947.127  3425211938
26947.785  3425211968
26948.549  3425211998
26949.32  3425212028
26950.08  3425212058
26950.85  3425212088
26951.732  3425212114
26952.379  3425212144
26953.148  3425212174
26953.908  3425212200
26954.674  3425212230
26955.332  3425212260
26956.096  3425212290
26956.861  3425212320
26957.63  3425212350
26958.502  3425212380
26959.158  3425212410
26959.934  3425212440
26960.693  3425212466
26961.346  3425212496
26962.113  3425212526
26962.877  3425212556
26963.643  3425212586
26964.416  3425212616
26965.174  3425212642
26965.945  3425212672
26966.705  3425212702
26967.473  3425212732
26968.238  3425212762
26969.004  3425212792
26969.664  3425212822
26970.424  3425212852
26971.191  3425212882
26971.957  3425212912
26972.727  3425212942
26973.486  3425212972
26974.252  3425213002
26975.018  3425213032
26975.783  3425213062
26976.549  3425213092
26977.33  3425213118
26978.096  3425213148
26978.738  3425213178
26979.502  3425213208
26980.377  3425213238
26981.035  3425213268
26981.799  3425213298
26982.568  3425213328
26983.33  3425213358
26984.096  3425213388
26984.867  3425213418
26985.627  3425213448
26986.293  3425213478
26987.158  3425213504
26988.033  3425213534
26988.8  3425213564
26989.455  3425213590
26990.225  3425213620
26990.986  3425213650
26991.752  3425213680
26992.518  3425213710
26993.283  3425213740
26994.049  3425213770
26994.814  3425213800
26995.58  3425213826
26996.346  3425213856
26997.111  3425213886
26997.879  3425213916
26998.531  3425213946
26999.303  3425213976
27000.066  3425214006
27000.83  3425214036
27001.596  3425214066
27002.373  3425214092
27003.125  3425214122
27003.893  3425214152
27004.77  3425214182
27005.43  3425214212
27006.188  3425214242
27006.953  3425214272
27007.627  3425214302
27008.393  3425214332
27009.143  3425214362
27009.908  3425214392
27010.672  3425214418
27011.064  3425214418
