63754.164  
63754.26  1731534763
63784.363  1731534817
63784.58  1731534929
63784.668  1731535074
63785.168  1731535246
63785.26  1731535270
63785.586  1731535395
63785.676  1731535419
63786.008  1731535548
63786.094  1731535572
63786.414  1731535699
63786.508  1731535723
63786.816  1731535861
63786.906  1731535885
63787.215  1731536015
63787.305  1731536039
63787.62  1731536179
63787.71  1731536203
63788.027  1731536335
63788.125  1731536359
63788.434  1731536482
63788.52  1731536506
63788.832  1731536635
63788.918  1731536659
63789.24  1731536781
63789.33  1731536805
63789.64  1731536938
63789.73  1731536962
63790.07  1731537097
63790.16  1731537121
63790.477  1731537254
63790.566  1731537278
63790.887  1731537404
63790.977  1731537428
63791.293  1731537564
63791.38  1731537588
63791.695  1731537722
63791.785  1731537746
63792.094  1731537880
63792.184  1731537904
63792.496  1731538025
63792.586  1731538049
63792.902  1731538170
63792.99  1731538194
63793.32  1731538330
63793.41  1731538354
63793.727  1731538498
63793.82  1731538522
63794.13  1731538647
63794.223  1731538671
63794.543  1731538795
63794.633  1731538819
63794.95  1731538944
63795.04  1731538968
63795.35  1731539096
63795.445  1731539120
63795.754  1731539248
63795.863  1731539272
63796.184  1731539420
63796.28  1731539444
63796.6  1731539576
63796.69  1731539600
63797.01  1731539722
63797.1  1731539746
63797.42  1731539883
63797.516  1731539907
63797.84  1731540038
63797.934  1731540062
63798.242  1731540201
63798.344  1731540225
63798.664  1731540355
63798.754  1731540379
63799.082  1731540508
63799.176  1731540532
63799.5  1731540665
63799.594  1731540689
63799.91  1731540819
63799.996  1731540843
63800.332  1731540966
63800.426  1731540990
63800.746  1731541125
63800.883  1731541149
63801.203  1731541286
63801.31  1731541310
63801.637  1731541437
63801.727  1731541461
63802.047  1731541603
63802.137  1731541627
63802.46  1731541753
63802.547  1731541777
63802.863  1731541902
63802.977  1731541926
63803.293  1731542068
63803.383  1731542092
63803.7  1731542220
63803.79  1731542244
63804.113  1731542379
63804.203  1731542403
63804.55  1731542534
63804.64  1731542558
63804.953  1731542689
63805.043  1731542713
63805.363  1731542858
63805.465  1731542882
63805.8  1731543011
63805.89  1731543035
63806.215  1731543166
63806.305  1731543190
63806.63  1731543316
63806.72  1731543340
63807.047  1731543471
63807.152  1731543495
63807.47  1731543623
63807.56  1731543647
63807.875  1731543774
63807.965  1731543798
63808.273  1731543932
63808.38  1731543956
63808.715  1731544084
63808.805  1731544108
63809.113  1731544239
63809.215  1731544263
63809.53  1731544397
63809.617  1731544421
63809.934  1731544547
63810.023  1731544571
63810.336  1731544706
63810.426  1731544730
63810.746  1731544863
63810.84  1731544887
63811.152  1731545014
63811.242  1731545038
63811.582  1731545167
63811.67  1731545191
63812.016  1731545326
63812.105  1731545350
63812.457  1731545482
63812.547  1731545506
63812.863  1731545658
63812.95  1731545682
63813.293  1731545811
63813.383  1731545835
63813.69  1731545969
63813.785  1731545993
63814.105  1731546116
63814.2  1731546140
63814.523  1731546273
63814.613  1731546297
63814.96  1731546427
63815.05  1731546451
63815.375  1731546590
63815.49  1731546614
63815.805  1731546744
63815.895  1731546768
63816.215  1731546899
63816.305  1731546923
63816.625  1731547050
63816.715  1731547074
63817.04  1731547203
63817.13  1731547227
63817.453  1731547363
63817.543  1731547387
63817.855  1731547517
63817.965  1731547541
63818.273  1731547678
63818.367  1731547702
63818.688  1731547829
63818.777  1731547853
63819.113  1731547987
63819.203  1731548011
63819.527  1731548143
63819.613  1731548167
63819.926  1731548294
63820.035  1731548318
63820.363  1731548448
63820.457  1731548472
63820.785  1731548596
63820.875  1731548620
63821.207  1731548754
63821.3  1731548778
63821.64  1731548903
63821.727  1731548927
63822.05  1731549056
63822.14  1731549080
63822.465  1731549211
63822.582  1731549235
63822.9  1731549358
63822.99  1731549382
63823.324  1731549517
63823.414  1731549541
63823.727  1731549673
63823.82  1731549697
63824.137  1731549825
63824.227  1731549849
63824.547  1731549988
63824.637  1731550012
63824.957  1731550135
63825.047  1731550159
63825.383  1731550288
63825.492  1731550312
63825.805  1731550450
63825.9  1731550474
63826.22  1731550603
63826.33  1731550627
63826.645  1731550757
63826.73  1731550781
63827.066  1731550921
63827.16  1731550945
63827.473  1731551083
63827.562  1731551107
63827.88  1731551231
63827.973  1731551255
63828.297  1731551383
63828.387  1731551407
63828.695  1731551533
63828.785  1731551557
63829.117  1731551682
63829.207  1731551706
63829.547  1731551849
63829.637  1731551873
63829.95  1731552005
63830.047  1731552029
63830.367  1731552157
63830.46  1731552181
63830.777  1731552314
63830.867  1731552338
63831.215  1731552468
63831.312  1731552492
63831.637  1731552626
63831.73  1731552650
63832.08  1731552780
63832.168  1731552804
63832.484  1731552943
63832.574  1731552967
63832.906  1731553101
63832.992  1731553125
63833.31  1731553260
63833.402  1731553284
63833.72  1731553332
63834.39  1731553420
63835.68  1731553444
63836.0  1731553580
63836.098  1731553604
63836.438  1731553730
63836.566  1731553754
63836.926  1731553891
63837.355  1731553915
63837.707  1731554045
63837.8  1731554069
63847.73  1731554200
63847.824  1731554224
63851.23  1731554359
63851.332  1731554383
63854.74  1731554511
63854.84  1731554535
63859.684  1731554661
63859.773  1731554685
63860.14  1731554817
63861.094  1731554841
63861.41  1731554972
63861.605  1731554996
63861.918  1731555122
63862.367  1731555146
63862.734  1731555278
63862.824  1731555302
63863.28  1731555430
63863.37  1731555454
63863.77  1731555585
63863.87  1731555609
63864.26  1731555742
63864.36  1731555766
63867.766  1731555896
63867.863  1731555920
63871.277  1731556045
63871.4  1731556069
63871.824  1731556196
63871.914  1731556220
63872.32  1731556343
63872.41  1731556367
63872.754  1731556511
63872.844  1731556535
63876.28  1731556672
63876.375  1731556696
63879.785  1731556827
63879.914  1731556851
63880.297  1731556974
63880.387  1731556998
63883.76  1731557124
63883.85  1731557148
63887.293  1731557279
63887.39  1731557303
63887.78  1731557433
63887.887  1731557457
63891.285  1731557584
63891.375  1731557608
63891.8  1731557732
63891.895  1731557756
63892.29  1731557886
63892.41  1731557910
63892.777  1731558039
63892.895  1731558063
63896.29  1731558207
63896.383  1731558231
63896.81  1731558354
63896.918  1731558378
63897.336  1731558508
63897.426  1731558532
63901.934  1731558660
63902.027  1731558684
63902.418  1731558818
63902.508  1731558842
63902.867  1731558891
63903.227  1731558968
63903.316  1731558992
63903.715  1731559115
63903.805  1731559139
63904.21  1731559271
63904.91  1731559295
63905.336  1731559427
63905.43  1731559451
63905.812  1731559585
63905.91  1731559609
63906.312  1731559732
63906.402  1731559756
63906.816  1731559886
63906.914  1731559910
63907.31  1731560043
63907.4  1731560067
63907.81  1731560192
63907.902  1731560216
63908.316  1731560344
63908.406  1731560368
63908.816  1731560499
63908.91  1731560523
63909.312  1731560658
63909.406  1731560682
63909.84  1731560817
63909.93  1731560841
63913.332  1731560972
63913.43  1731560996
63916.83  1731561121
63916.918  1731561145
63917.32  1731561276
63917.414  1731561300
63922.21  1731561437
63923.086  1731561461
63923.44  1731561588
63923.527  1731561612
63923.926  1731561744
63924.01  1731561768
63924.426  1731561898
63924.516  1731561922
63924.914  1731562055
63925.004  1731562079
63925.4  1731562205
63925.508  1731562229
63925.848  1731562277
63926.246  1731562363
63926.34  1731562387
63926.734  1731562517
63926.82  1731562541
63927.223  1731562676
63927.312  1731562700
63927.684  1731562839
63927.77  1731562863
63928.086  1731562989
63928.223  1731563013
63928.535  1731563137
63928.72  1731563161
63929.03  1731563289
63929.227  1731563313
63929.55  1731563438
63930.0  1731563462
63930.34  1731563592
63930.43  1731563616
63930.832  1731563751
63930.92  1731563775
63931.316  1731563903
63931.406  1731563927
63931.754  1731564055
63931.855  1731564079
63932.246  1731564201
63932.34  1731564225
63932.996  1731564352
63933.453  1731564376
63933.848  1731564507
63933.938  1731564531
63937.37  1731564681
63937.465  1731564705
63937.84  1731564831
63937.945  1731564855
63938.367  1731564985
63938.457  1731565009
63938.85  1731565133
63938.938  1731565157
63939.297  1731565289
63939.395  1731565313
63939.758  1731565437
63939.848  1731565461
63940.28  1731565591
63940.37  1731565615
63940.758  1731565741
63940.848  1731565765
63941.266  1731565906
63941.363  1731565930
63941.76  1731566051
63941.86  1731566075
63942.285  1731566200
63942.375  1731566224
63943.066  1731566354
63943.387  1731566378
63943.777  1731566522
63943.867  1731566546
63944.27  1731566670
63944.363  1731566694
63944.77  1731566826
63944.86  1731566850
63945.527  1731566974
63945.617  1731566998
63945.98  1731567128
63946.066  1731567152
63946.39  1731567200
63947.066  1731567281
63947.23  1731567305
63947.55  1731567436
63947.734  1731567460
63948.074  1731567582
63948.24  1731567606
63948.566  1731567737
63948.746  1731567761
63949.074  1731567895
63949.527  1731567919
63949.875  1731568044
63949.97  1731568068
63950.37  1731568201
63950.477  1731568225
63950.867  1731568351
63950.97  1731568375
63951.38  1731568515
63951.465  1731568539
63951.9  1731568669
63951.992  1731568693
63952.383  1731568815
63952.473  1731568839
63952.895  1731568972
63953.004  1731568996
63953.395  1731569127
63953.523  1731569151
63956.883  1731569283
63956.973  1731569307
63957.387  1731569429
63957.48  1731569453
63957.88  1731569595
63957.977  1731569619
63958.402  1731569745
63958.496  1731569769
63961.883  1731569896
63962.254  1731569920
63962.6  1731570043
63962.758  1731570067
63963.08  1731570197
63963.51  1731570221
63967.89  1731570358
63967.98  1731570382
63968.312  1731570507
63968.402  1731570531
63968.797  1731570658
63968.89  1731570682
63969.3  1731570816
63969.395  1731570840
63970.06  1731570965
63970.504  1731570989
63970.9  1731571119
63970.984  1731571143
63974.355  1731571271
63974.445  1731571295
63975.09  1731571425
63975.516  1731571449
63975.92  1731571576
63976.01  1731571600
63976.445  1731571734
63976.54  1731571758
63976.92  1731571897
63977.023  1731571921
63977.457  1731572044
63977.543  1731572068
63980.92  1731572199
63981.016  1731572223
63981.426  1731572354
63981.516  1731572378
63981.918  1731572506
63982.004  1731572530
63982.38  1731572661
63982.496  1731572685
63982.867  1731572811
63982.99  1731572835
63983.35  1731572965
63983.445  1731572989
63983.84  1731573124
63983.934  1731573148
63984.37  1731573274
63984.477  1731573298
63984.82  1731573440
63984.91  1731573464
63985.23  1731573596
63985.395  1731573620
63985.773  1731573750
63985.887  1731573774
63986.316  1731573902
63986.41  1731573926
63986.8  1731574061
63987.43  1731574085
63987.83  1731574214
63987.918  1731574238
63988.293  1731574373
63988.383  1731574397
63988.777  1731574531
63988.9  1731574555
63989.234  1731574683
63989.9  1731574707
63990.594  1731574839
63990.684  1731574863
63991.016  1731574911
63991.48  1731574990
63991.57  1731575014
63991.95  1731575141
63992.04  1731575165
63992.47  1731575288
63992.56  1731575312
63992.95  1731575445
63993.04  1731575469
63993.457  1731575596
63993.543  1731575620
63993.973  1731575746
63994.062  1731575770
63997.48  1731575896
63997.57  1731575920
63997.95  1731576051
63998.04  1731576075
63998.46  1731576200
63998.555  1731576224
63998.977  1731576350
63999.074  1731576374
64003.496  1731576510
64003.586  1731576534
64007.008  1731576657
64007.098  1731576681
64007.523  1731576812
64007.617  1731576836
64007.99  1731576885
64008.62  1731576969
64009.137  1731576993
64009.574  1731577115
64009.66  1731577139
64010.39  1731577262
64010.5  1731577286
64011.04  1731577419
64011.62  1731577443
64014.96  1731577580
64015.055  1731577604
64015.434  1731577732
64015.523  1731577756
64015.887  1731577899
64016.62  1731577923
64016.984  1731578052
64017.074  1731578076
64017.484  1731578210
64017.574  1731578234
64018.004  1731578364
64018.094  1731578388
64018.484  1731578520
64018.574  1731578544
64018.984  1731578691
64019.074  1731578715
64019.492  1731578843
64019.582  1731578867
64020.01  1731578999
64020.117  1731579023
64023.637  1731579152
64023.727  1731579176
64024.074  1731579305
64024.164  1731579329
64024.586  1731579467
64024.676  1731579491
64025.04  1731579539
64025.402  1731579619
64025.5  1731579643
64025.895  1731579766
64025.98  1731579790
64026.348  1731579913
64026.434  1731579937
64026.844  1731580074
64027.5  1731580098
64027.895  1731580225
64027.984  1731580249
64028.395  1731580376
64028.48  1731580400
64028.883  1731580525
64028.98  1731580549
64029.363  1731580685
64029.49  1731580709
64029.906  1731580835
64030.496  1731580859
64030.902  1731580981
64031.035  1731581005
64031.426  1731581135
64031.54  1731581159
64031.91  1731581295
64032.004  1731581319
64032.418  1731581445
64032.555  1731581469
64032.98  1731581595
64033.48  1731581619
64033.855  1731581744
64033.945  1731581768
64034.387  1731581893
64034.477  1731581917
64034.86  1731582045
64034.96  1731582069
64035.297  1731582199
64035.45  1731582223
64035.78  1731582348
64036.22  1731582372
64036.617  1731582498
64036.707  1731582522
64037.094  1731582649
64037.188  1731582673
64037.625  1731582797
64037.715  1731582821
64038.055  1731582870
64038.727  1731582949
64038.992  1731582973
64039.418  1731583103
64039.508  1731583127
64039.91  1731583264
64040.0  1731583288
64040.375  1731583419
64041.13  1731583443
64041.56  1731583577
64041.65  1731583601
64042.047  1731583724
64042.16  1731583748
64042.535  1731583876
64042.625  1731583900
64043.016  1731584032
64043.105  1731584056
64043.52  1731584186
64043.61  1731584210
64047.047  1731584344
64047.145  1731584368
64050.55  1731584499
64050.64  1731584523
64054.03  1731584652
64054.12  1731584676
64054.59  1731584804
64054.68  1731584828
64058.06  1731584966
64058.152  1731584990
64058.59  1731585112
64058.684  1731585136
64059.06  1731585268
64059.15  1731585292
64059.566  1731585424
64059.656  1731585448
64060.047  1731585586
64060.137  1731585610
64060.547  1731585733
64060.637  1731585757
64064.047  1731585881
64064.137  1731585905
64064.57  1731586032
64064.66  1731586056
64068.113  1731586187
64068.203  1731586211
64068.61  1731586338
64068.703  1731586362
64069.082  1731586494
64069.17  1731586518
64069.586  1731586654
64069.68  1731586678
64079.08  1731586804
64079.188  1731586828
64079.617  1731586957
64079.703  1731586981
64083.09  1731587121
64083.18  1731587145
64083.613  1731587278
64083.71  1731587302
64087.082  1731587429
64087.17  1731587453
64090.59  1731587588
64090.684  1731587612
64091.1  1731587745
64091.19  1731587769
64091.633  1731587895
64091.727  1731587919
64092.13  1731588046
64092.215  1731588070
64092.594  1731588195
64092.684  1731588219
64093.08  1731588343
64093.168  1731588367
64096.613  1731588498
64096.7  1731588522
64097.086  1731588652
64097.18  1731588676
64097.594  1731588806
64097.684  1731588830
64101.1  1731588954
64101.223  1731588978
64101.645  1731589106
64101.734  1731589130
64102.156  1731589264
64102.246  1731589288
64102.598  1731589413
64102.688  1731589437
64103.133  1731589573
64103.227  1731589597
64103.63  1731589723
64103.72  1731589747
64104.125  1731589880
64104.215  1731589904
64104.613  1731590031
64104.703  1731590055
64105.1  1731590188
64105.234  1731590212
64105.652  1731590341
64105.75  1731590365
64106.133  1731590494
64106.23  1731590518
64106.61  1731590654
64106.703  1731590678
64107.12  1731590810
64107.207  1731590834
64107.63  1731590964
64107.72  1731590988
64108.094  1731591120
64108.184  1731591144
64108.633  1731591278
64108.727  1731591302
64109.105  1731591438
64109.195  1731591462
64109.645  1731591596
64109.734  1731591620
64113.11  1731591752
64113.2  1731591776
64113.562  1731591904
64113.656  1731591928
64114.023  1731592070
64114.113  1731592094
64114.504  1731592220
64114.613  1731592244
64115.023  1731592367
64115.12  1731592391
64115.523  1731592531
64115.63  1731592555
64116.02  1731592683
64116.113  1731592707
64116.473  1731592842
64116.562  1731592866
64116.89  1731592996
64116.992  1731593020
64117.312  1731593152
64117.508  1731593176
64117.85  1731593312
64117.98  1731593336
64118.31  1731593466
64118.496  1731593490
64118.83  1731593616
64119.016  1731593640
64119.355  1731593765
64119.52  1731593789
64119.848  1731593919
64119.996  1731593943
64120.324  1731594073
64120.508  1731594097
64120.85  1731594238
64121.01  1731594262
64121.355  1731594397
64121.504  1731594421
64121.87  1731594548
64122.01  1731594572
64122.38  1731594709
64122.832  1731594733
64123.266  1731594876
64123.35  1731594900
64123.688  1731594945
64124.074  1731595032
64124.176  1731595056
64124.56  1731595185
64124.688  1731595209
64125.035  1731595347
64125.137  1731595371
64125.81  1731595512
64126.0  1731595536
64126.324  1731595666
64126.516  1731595690
64126.855  1731595818
64127.01  1731595842
64127.344  1731595974
64127.504  1731595998
64127.85  1731596122
64128.02  1731596146
64128.348  1731596282
64128.51  1731596306
64128.84  1731596443
64129.016  1731596467
64129.363  1731596597
64129.523  1731596621
64129.867  1731596748
64130.004  1731596772
64130.375  1731596898
64130.55  1731596922
64130.88  1731597055
64131.027  1731597079
64131.383  1731597203
64131.824  1731597227
64132.266  1731597361
64132.36  1731597385
64132.758  1731597513
64133.64  1731597537
64134.055  1731597670
64134.15  1731597694
64134.555  1731597821
64134.652  1731597845
64135.055  1731597988
64136.652  1731598012
64137.055  1731598134
64137.15  1731598158
64137.516  1731598285
64137.637  1731598309
64138.0  1731598437
64138.137  1731598461
64138.508  1731598594
64138.605  1731598618
64138.96  1731598752
64139.05  1731598776
64139.38  1731598919
64139.543  1731598943
64139.887  1731599074
64140.043  1731599098
64140.414  1731599230
64140.535  1731599254
64140.87  1731599377
64141.06  1731599401
64141.383  1731599524
64141.54  1731599548
64141.863  1731599676
64142.047  1731599700
64142.41  1731599829
64142.87  1731599853
64143.293  1731599981
64143.39  1731600005
64143.777  1731600134
64143.863  1731600158
64144.266  1731600287
64144.367  1731600311
64144.785  1731600437
64144.87  1731600461
64145.336  1731600598
64145.836  1731600622
64146.285  1731600752
64146.38  1731600776
64146.734  1731600825
64147.164  1731600912
64147.258  1731600936
64147.684  1731601062
64147.773  1731601086
64148.19  1731601213
64148.29  1731601237
64148.746  1731601370
64148.84  1731601394
64149.312  1731601528
64149.402  1731601552
64149.805  1731601673
64149.895  1731601697
64150.246  1731601744
64150.684  1731601821
64150.773  1731601845
64151.19  1731601969
64151.29  1731601993
64151.73  1731602119
64151.82  1731602143
64152.215  1731602278
64152.31  1731602302
64152.7  1731602441
64152.824  1731602465
64156.586  1731602593
64156.676  1731602617
64157.086  1731602745
64157.227  1731602769
64157.9  1731602895
64158.305  1731602919
64158.7  1731603059
64158.79  1731603083
64159.2  1731603214
64159.293  1731603238
64159.71  1731603364
64159.8  1731603388
64160.242  1731603515
64160.344  1731603539
64160.73  1731603663
64160.824  1731603687
64161.227  1731603817
64161.32  1731603841
64161.727  1731603973
64161.816  1731603997
64162.223  1731604128
64162.316  1731604152
64162.742  1731604285
64162.832  1731604309
64163.215  1731604439
64163.31  1731604463
64166.734  1731604596
64166.824  1731604620
64167.227  1731604749
64167.81  1731604773
64168.195  1731604904
64168.29  1731604928
64168.754  1731605059
64168.848  1731605083
64172.27  1731605225
64172.387  1731605249
64172.9  1731605376
64173.066  1731605400
64173.426  1731605529
64173.58  1731605553
64173.92  1731605681
64174.074  1731605705
64174.43  1731605831
64174.87  1731605855
64175.32  1731605980
64175.457  1731606004
64175.832  1731606133
64175.918  1731606157
64176.387  1731606282
64176.52  1731606306
64176.89  1731606434
64177.094  1731606458
64177.594  1731606589
64177.727  1731606613
64178.223  1731606740
64178.316  1731606764
64181.75  1731606887
64181.85  1731606911
64185.316  1731607039
64185.406  1731607063
64185.887  1731607200
64186.363  1731607224
64186.76  1731607350
64186.85  1731607374
64190.227  1731607512
64190.32  1731607536
64190.79  1731607663
64190.88  1731607687
64191.36  1731607820
64191.45  1731607844
64191.848  1731607976
64191.94  1731608000
64192.387  1731608130
64192.477  1731608154
64192.895  1731608277
64193.02  1731608301
64193.406  1731608429
64193.605  1731608453
64193.938  1731608583
64194.117  1731608607
64194.473  1731608736
64194.934  1731608760
64195.293  1731608809
64195.684  1731608894
64196.47  1731608918
64196.816  1731608966
64197.3  1731609050
64197.395  1731609074
64207.95  1731609200
64208.117  1731609224
64208.47  1731609351
64208.633  1731609375
64208.973  1731609501
64209.12  1731609525
64209.477  1731609658
64209.65  1731609682
64210.152  1731609802
64210.246  1731609826
64210.664  1731609970
64211.348  1731609994
64211.785  1731610119
64211.88  1731610143
64215.266  1731610275
64215.355  1731610299
64215.78  1731610430
64215.89  1731610454
64216.305  1731610588
64216.402  1731610612
64216.785  1731610737
64216.875  1731610761
64217.293  1731610894
64217.395  1731610918
64217.79  1731611056
64217.88  1731611080
64221.297  1731611214
64221.39  1731611238
64242.805  1731611377
64242.895  1731611401
64243.363  1731611532
64243.457  1731611556
64246.816  1731611699
64246.906  1731611723
64247.324  1731611850
64247.414  1731611874
64247.81  1731612007
64247.9  1731612031
64248.305  1731612162
64248.39  1731612186
64248.777  1731612320
64248.883  1731612344
64249.254  1731612469
64249.35  1731612493
64249.754  1731612629
64250.51  1731612653
64250.945  1731612784
64251.03  1731612808
64251.438  1731612935
64251.54  1731612959
64251.906  1731613007
64252.348  1731613084
64252.438  1731613108
64252.836  1731613251
64252.926  1731613275
64253.36  1731613399
64253.45  1731613423
64256.84  1731613550
64256.934  1731613574
64257.344  1731613711
64257.438  1731613735
64257.84  1731613861
64257.93  1731613885
64258.348  1731614017
64258.438  1731614041
64258.87  1731614171
64258.96  1731614195
64259.324  1731614327
64259.414  1731614351
64259.797  1731614478
64259.887  1731614502
64260.242  1731614638
64260.33  1731614662
64260.715  1731614791
64260.848  1731614815
64261.234  1731614948
64261.33  1731614972
64261.75  1731615095
64261.84  1731615119
64262.234  1731615250
64262.33  1731615274
64262.74  1731615397
64262.83  1731615421
64263.527  1731615543
64263.824  1731615567
64264.234  1731615698
64264.33  1731615722
64264.707  1731615852
64264.8  1731615876
64265.12  1731616003
64265.273  1731616027
64265.586  1731616159
64265.72  1731616183
64266.05  1731616307
64266.49  1731616331
64266.848  1731616458
64266.94  1731616482
64267.336  1731616618
64267.426  1731616642
64267.824  1731616772
64267.92  1731616796
64268.332  1731616939
64268.42  1731616963
64268.785  1731617092
64268.88  1731617116
64269.28  1731617243
64269.375  1731617267
64269.76  1731617404
64269.855  1731617428
64270.24  1731617557
64270.33  1731617581
64270.71  1731617711
64270.8  1731617735
64271.2  1731617867
64271.316  1731617891
64271.633  1731618028
64271.727  1731618052
64272.043  1731618185
64272.227  1731618209
64272.55  1731618340
64272.715  1731618364
64273.055  1731618497
64273.24  1731618521
64273.56  1731618654
64273.734  1731618678
64274.055  1731618812
64274.23  1731618836
64274.574  1731618958
64275.02  1731618982
64275.453  1731619113
64275.543  1731619137
64275.875  1731619185
64276.574  1731619262
64276.812  1731619286
64277.33  1731619413
64277.418  1731619437
64278.13  1731619580
64278.246  1731619604
64278.56  1731619734
64278.723  1731619758
64279.035  1731619892
64279.223  1731619916
64279.56  1731620036
64279.836  1731620060
64280.285  1731620192
64280.95  1731620216
64281.35  1731620348
64281.44  1731620372
64281.78  1731620502
64281.88  1731620526
64282.26  1731620650
64282.348  1731620674
64282.71  1731620809
64282.8  1731620833
64283.117  1731620971
64283.55  1731620995
64283.965  1731621127
64284.055  1731621151
64284.387  1731621200
64284.77  1731621275
64284.867  1731621299
64285.297  1731621423
64285.387  1731621447
64285.82  1731621574
64285.914  1731621598
64286.31  1731621736
64286.402  1731621760
64286.824  1731621890
64286.914  1731621914
64287.277  1731622047
64287.367  1731622071
64287.805  1731622195
64287.953  1731622219
64288.36  1731622347
64288.45  1731622371
64288.812  1731622505
64288.9  1731622529
64289.56  1731622656
64289.99  1731622680
64290.36  1731622805
64290.45  1731622829
64290.836  1731622963
64290.92  1731622987
64291.336  1731623112
64291.426  1731623136
64291.8  1731623265
64292.258  1731623289
64292.58  1731623412
64293.01  1731623436
64293.383  1731623567
64293.477  1731623591
64294.016  1731623724
64294.11  1731623748
64294.54  1731623886
64294.63  1731623910
64295.05  1731624040
64295.215  1731624064
64295.57  1731624190
64296.01  1731624214
64296.48  1731624341
64296.57  1731624365
64297.02  1731624494
64297.11  1731624518
64297.54  1731624654
64297.63  1731624678
64298.01  1731624727
64301.4  1731624825
64301.49  1731624849
64301.918  1731624969
64302.004  1731624993
64302.418  1731625121
64302.516  1731625145
64302.926  1731625277
64303.03  1731625301
64303.46  1731625432
64303.55  1731625456
64306.926  1731625583
64307.01  1731625607
64307.457  1731625743
64307.547  1731625767
64307.953  1731625902
64308.047  1731625926
64308.42  1731626058
64308.51  1731626082
64308.938  1731626206
64309.027  1731626230
64309.414  1731626362
64309.504  1731626386
64309.95  1731626515
64310.035  1731626539
64310.45  1731626665
64310.54  1731626689
64313.98  1731626819
64314.07  1731626843
64314.52  1731626967
64314.605  1731626991
64315.066  1731627124
64315.152  1731627148
64315.543  1731627197
64315.93  1731627277
64316.02  1731627301
64316.477  1731627434
64316.566  1731627458
64316.945  1731627591
64317.035  1731627615
64317.453  1731627747
64317.56  1731627771
64318.04  1731627895
64318.13  1731627919
64318.547  1731627966
64318.855  1731628047
64318.953  1731628071
64319.38  1731628202
64319.47  1731628226
64319.87  1731628357
64320.043  1731628381
64320.465  1731628507
64320.56  1731628531
64320.996  1731628663
64321.086  1731628687
64321.516  1731628817
64321.605  1731628841
64322.035  1731628970
64322.13  1731628994
64322.53  1731629123
64322.62  1731629147
64323.074  1731629278
64323.168  1731629302
64323.58  1731629436
64323.668  1731629460
64324.12  1731629594
64324.426  1731629618
64325.19  1731629751
64325.695  1731629775
64326.113  1731629913
64326.617  1731629937
64327.133  1731630074
64327.36  1731630098
64327.67  1731630229
64328.434  1731630253
64332.355  1731630378
64332.453  1731630402
64332.867  1731630534
64332.957  1731630558
64333.37  1731630687
64333.46  1731630711
64333.855  1731630836
64333.953  1731630860
64334.676  1731630988
64335.04  1731631012
64338.465  1731631148
64338.555  1731631172
64338.973  1731631295
64339.062  1731631319
64339.477  1731631456
64339.57  1731631480
64339.973  1731631609
64340.06  1731631633
64340.5  1731631758
64340.59  1731631782
64343.996  1731631905
64344.086  1731631929
64344.445  1731632051
64344.53  1731632075
64344.95  1731632200
64345.04  1731632224
64345.48  1731632356
64345.57  1731632380
64346.03  1731632507
64346.12  1731632531
64346.527  1731632666
64346.637  1731632690
64347.12  1731632822
64347.31  1731632846
64347.652  1731632982
64347.848  1731633006
64348.168  1731633139
64348.36  1731633163
64348.67  1731633289
64349.117  1731633313
64349.516  1731633436
64349.605  1731633460
64353.043  1731633593
64353.133  1731633617
64353.535  1731633747
64353.62  1731633771
64354.098  1731633901
64354.438  1731633925
64354.766  1731634058
64354.953  1731634082
64355.32  1731634207
64355.48  1731634231
64356.145  1731634362
64356.65  1731634386
64357.035  1731634523
64357.12  1731634547
64361.05  1731634683
64361.14  1731634707
64361.56  1731634839
64361.65  1731634863
64365.566  1731634990
64365.656  1731635014
64366.098  1731635159
64366.188  1731635183
64366.543  1731635231
64367.2  1731635310
64367.688  1731635334
64368.098  1731635464
64368.188  1731635488
64368.586  1731635615
64368.676  1731635639
64369.414  1731635772
64369.504  1731635796
64369.934  1731635924
64370.023  1731635948
64370.727  1731636081
64371.07  1731636105
64371.434  1731636232
64371.523  1731636256
64371.93  1731636382
64372.027  1731636406
64372.414  1731636535
64372.508  1731636559
64373.168  1731636689
64373.547  1731636713
64373.938  1731636844
64374.03  1731636868
64374.453  1731637002
64374.543  1731637026
64374.945  1731637151
64375.043  1731637175
64375.46  1731637308
64375.55  1731637332
64375.99  1731637457
64376.08  1731637481
64376.47  1731637612
64376.574  1731637636
64377.05  1731637766
64377.57  1731637790
64378.027  1731637922
64378.574  1731637946
64378.965  1731638080
64379.055  1731638104
64379.44  1731638234
64379.527  1731638258
64379.95  1731638385
64380.04  1731638409
64380.44  1731638535
64380.535  1731638559
64381.24  1731638699
64381.582  1731638723
64382.008  1731638855
64382.6  1731638879
64386.0  1731639017
64386.094  1731639041
64386.53  1731639177
64386.62  1731639201
64390.594  1731639326
64390.684  1731639350
64395.188  1731639474
64395.28  1731639498
64395.69  1731639623
64395.785  1731639647
64396.137  1731639696
64399.566  1731639772
64399.652  1731639796
64403.6  1731639934
64403.688  1731639958
64404.055  1731640079
64404.14  1731640103
64404.586  1731640239
64404.676  1731640263
64405.1  1731640405
64405.188  1731640429
64405.586  1731640563
64405.676  1731640587
64410.723  1731640715
64411.715  1731640739
64415.625  1731640870
64415.715  1731640894
64420.223  1731641023
64420.312  1731641047
64420.66  1731641095
64421.273  1731641173
64422.195  1731641197
64422.61  1731641341
64422.7  1731641365
64423.344  1731641490
64423.473  1731641514
64423.785  1731641648
64424.203  1731641672
64424.586  1731641797
64424.67  1731641821
64425.086  1731641946
64425.176  1731641970
64428.598  1731642094
64428.69  1731642118
64429.11  1731642249
64429.2  1731642273
64429.652  1731642407
64429.742  1731642431
64434.258  1731642559
64434.496  1731642583
64434.812  1731642713
64434.99  1731642737
64435.31  1731642862
64435.734  1731642886
64436.12  1731643018
64436.21  1731643042
64436.625  1731643175
64436.715  1731643199
64440.117  1731643330
64440.207  1731643354
64444.727  1731643480
64444.816  1731643504
64445.15  1731643552
64445.797  1731643653
64446.74  1731643677
64451.246  1731643809
64451.336  1731643833
64451.66  1731643882
64452.03  1731643967
64452.12  1731643991
64452.754  1731644116
64453.3  1731644140
64453.613  1731644187
64454.266  1731644265
64454.8  1731644289
64455.215  1731644415
64455.3  1731644439
64455.625  1731644486
64456.285  1731644568
64456.797  1731644592
64457.246  1731644726
64457.34  1731644750
64457.67  1731644798
64458.04  1731644878
64458.15  1731644902
64458.81  1731645030
64459.344  1731645054
64459.75  1731645177
64459.84  1731645201
64460.164  1731645250
64460.824  1731645334
64461.24  1731645358
64465.055  1731645493
64465.14  1731645517
64465.562  1731645644
64466.16  1731645668
64466.56  1731645799
64466.656  1731645823
64467.336  1731645953
64467.64  1731645977
64468.297  1731646104
64468.63  1731646128
64469.277  1731646252
64469.645  1731646276
64470.066  1731646407
64470.156  1731646431
64470.81  1731646556
64471.168  1731646580
64471.562  1731646717
64471.656  1731646741
64472.094  1731646875
64472.18  1731646899
64472.867  1731647034
64473.133  1731647058
64473.605  1731647187
64473.695  1731647211
64474.086  1731647334
64474.664  1731647358
64475.38  1731647483
64475.85  1731647507
64476.215  1731647555
64476.688  1731647637
64476.777  1731647661
64477.168  1731647788
64477.258  1731647812
64477.695  1731647948
64477.785  1731647972
64482.176  1731648098
64482.266  1731648122
64485.688  1731648255
64485.777  1731648279
64489.227  1731648409
64489.312  1731648433
64489.703  1731648558
64489.79  1731648582
64500.3  1731648717
64500.39  1731648741
64500.703  1731648790
64501.363  1731648867
64502.086  1731648891
64502.402  1731649021
64502.824  1731649045
64503.19  1731649170
64503.28  1731649194
64503.7  1731649327
64503.79  1731649351
64504.207  1731649477
64504.3  1731649501
64508.8  1731649639
64508.887  1731649663
64509.29  1731649788
64509.375  1731649812
64509.766  1731649861
64510.36  1731649944
64510.883  1731649968
64511.29  1731650096
64511.38  1731650120
64512.35  1731650246
64512.844  1731650270
64516.645  1731650397
64516.734  1731650421
64517.117  1731650546
64517.207  1731650570
64517.637  1731650696
64517.727  1731650720
64518.414  1731650851
64518.777  1731650875
64519.22  1731651002
64519.31  1731651026
64522.734  1731651167
64522.824  1731651191
64523.242  1731651333
64523.332  1731651357
64523.73  1731651484
64523.82  1731651508
64527.324  1731651636
64527.414  1731651660
64527.81  1731651785
64527.9  1731651809
64528.316  1731651945
64528.402  1731651969
64528.848  1731652098
64528.938  1731652122
64529.35  1731652250
64529.438  1731652274
64530.254  1731652398
64531.117  1731652422
64531.43  1731652556
64531.875  1731652580
64535.24  1731652705
64535.33  1731652729
64538.77  1731652856
64538.86  1731652880
64539.24  1731653017
64539.33  1731653041
64539.758  1731653166
64539.848  1731653190
64543.258  1731653324
64543.348  1731653348
64546.758  1731653480
64546.848  1731653504
64547.258  1731653651
64547.348  1731653675
64547.77  1731653804
64547.86  1731653828
64551.25  1731653949
64551.34  1731653973
64551.766  1731654116
64551.855  1731654140
64555.266  1731654270
64555.355  1731654294
64555.67  1731654429
64555.76  1731654453
64556.09  1731654582
64556.18  1731654606
64556.504  1731654741
64556.594  1731654765
64556.906  1731654916
64557.004  1731654940
64557.312  1731655074
64557.402  1731655098
64557.734  1731655229
64557.824  1731655253
64558.145  1731655384
64558.234  1731655408
64558.55  1731655537
64558.64  1731655561
64558.96  1731655685
64559.066  1731655709
64559.387  1731655853
64559.477  1731655877
64559.79  1731656010
64559.883  1731656034
64560.2  1731656169
64560.29  1731656193
64560.613  1731656324
64560.703  1731656348
64561.023  1731656490
64561.113  1731656514
64561.426  1731656644
64561.535  1731656668
64561.86  1731656793
64561.953  1731656817
64562.293  1731656941
64562.383  1731656965
64562.695  1731657102
64562.78  1731657126
64563.098  1731657252
64563.188  1731657276
64563.5  1731657404
64563.613  1731657428
64563.926  1731657556
64564.027  1731657580
64564.348  1731657716
64564.434  1731657740
64564.75  1731657870
64564.84  1731657894
64565.17  1731658024
64565.26  1731658048
64565.582  1731658182
64565.67  1731658206
64565.984  1731658345
64566.074  1731658369
64566.383  1731658493
64566.473  1731658517
64566.785  1731658661
64566.875  1731658685
64567.19  1731658813
64567.28  1731658837
64567.598  1731658968
64567.69  1731658992
64568.004  1731659126
64568.094  1731659150
64568.402  1731659272
64568.492  1731659296
64568.81  1731659426
64568.9  1731659450
64569.21  1731659591
64569.3  1731659615
64569.62  1731659738
64569.71  1731659762
64570.035  1731659891
64570.125  1731659915
64570.438  1731660043
64570.555  1731660067
64570.87  1731660191
64570.957  1731660215
64571.3  1731660341
64571.39  1731660365
64571.707  1731660509
64571.793  1731660533
64572.11  1731660668
64572.2  1731660692
64572.516  1731660820
64572.605  1731660844
64572.92  1731660973
64573.035  1731660997
64573.344  1731661121
64573.434  1731661145
64573.75  1731661276
64573.84  1731661300
64574.16  1731661430
64574.246  1731661454
64574.574  1731661581
64574.66  1731661605
64574.973  1731661743
64575.066  1731661767
64575.383  1731661891
64575.47  1731661915
64575.8  1731662046
64575.89  1731662070
64576.207  1731662201
64576.3  1731662225
64576.617  1731662361
64576.715  1731662385
64577.03  1731662507
64577.133  1731662531
64577.445  1731662655
64577.543  1731662679
64577.863  1731662802
64577.953  1731662826
64578.266  1731662951
64578.36  1731662975
64578.688  1731663104
64578.777  1731663128
64579.094  1731663259
64579.184  1731663283
64579.52  1731663409
64579.605  1731663433
64579.918  1731663565
64580.008  1731663589
64580.332  1731663721
64580.42  1731663745
64580.742  1731663876
64580.832  1731663900
64581.18  1731664031
64581.27  1731664055
64581.61  1731664192
64581.7  1731664216
64582.02  1731664343
64582.13  1731664367
64582.44  1731664509
64582.54  1731664533
64582.85  1731664667
64582.94  1731664691
64583.28  1731664823
64583.367  1731664847
64583.69  1731664981
64583.785  1731665005
64584.1  1731665127
64584.19  1731665151
64584.504  1731665275
64584.59  1731665299
64584.906  1731665433
64584.996  1731665457
64585.355  1731665588
64585.445  1731665612
64585.76  1731665738
64585.85  1731665762
64586.164  1731665897
64586.254  1731665921
64586.57  1731666046
64586.66  1731666070
64586.973  1731666193
64587.066  1731666217
64587.38  1731666345
64587.47  1731666369
64587.805  1731666493
64587.895  1731666517
64588.22  1731666643
64588.31  1731666667
64588.65  1731666798
64588.742  1731666822
64589.062  1731666957
64589.152  1731666981
64589.465  1731667104
64589.562  1731667128
64589.875  1731667261
64589.977  1731667285
64590.316  1731667418
64590.41  1731667442
64590.74  1731667565
64590.824  1731667589
64591.14  1731667711
64591.227  1731667735
64591.55  1731667859
64591.65  1731667883
64591.977  1731668009
64592.074  1731668033
64592.39  1731668158
64592.477  1731668182
64592.8  1731668312
64592.887  1731668336
64593.203  1731668471
64593.29  1731668495
64593.613  1731668619
64593.703  1731668643
64594.01  1731668768
64594.12  1731668792
64594.43  1731668920
64594.527  1731668944
64594.863  1731669075
64594.953  1731669099
64595.27  1731669230
64595.36  1731669254
64595.676  1731669377
64595.76  1731669401
64596.08  1731669535
64596.17  1731669559
64596.484  1731669696
64596.594  1731669720
64596.902  1731669859
64596.992  1731669883
64597.312  1731670016
64597.402  1731670040
64597.727  1731670169
64597.816  1731670193
64598.13  1731670325
64598.22  1731670349
64598.53  1731670473
64598.63  1731670497
64598.94  1731670625
64599.043  1731670649
64599.355  1731670780
64599.445  1731670804
64599.76  1731670940
64599.85  1731670964
64600.176  1731671092
64600.266  1731671116
64600.58  1731671239
64600.668  1731671263
64600.98  1731671393
64601.11  1731671417
64601.426  1731671551
64601.516  1731671575
64601.85  1731671715
64601.94  1731671739
64602.258  1731671865
64602.348  1731671889
64602.676  1731672015
64602.766  1731672039
64603.086  1731672171
64603.18  1731672195
64603.49  1731672320
64603.58  1731672344
64603.9  1731672472
64603.99  1731672496
64604.305  1731672621
64604.39  1731672645
64604.715  1731672779
64604.8  1731672803
64605.133  1731672939
64605.223  1731672963
64605.543  1731673086
64605.633  1731673110
64605.95  1731673238
64606.047  1731673262
64606.36  1731673392
64606.45  1731673416
64606.777  1731673539
64606.867  1731673563
64607.19  1731673688
64607.28  1731673712
64607.617  1731673847
64607.707  1731673871
64608.02  1731674000
64608.11  1731674024
64608.426  1731674152
64608.51  1731674176
64608.83  1731674302
64608.918  1731674326
64609.246  1731674454
64609.336  1731674478
64609.66  1731674606
64609.75  1731674630
64610.066  1731674758
64610.16  1731674782
64610.473  1731674904
64610.58  1731674928
64610.9  1731675058
64610.99  1731675082
64611.305  1731675211
64611.395  1731675235
64611.727  1731675358
64611.816  1731675382
64612.137  1731675511
64612.227  1731675535
64612.54  1731675664
64612.63  1731675688
64612.94  1731675819
64613.03  1731675843
64613.355  1731675964
64613.45  1731675988
64613.785  1731676117
64613.875  1731676141
64614.3  1731676267
64614.395  1731676291
64614.72  1731676421
64614.81  1731676445
64615.125  1731676580
64615.21  1731676604
64615.523  1731676731
64615.61  1731676755
64615.92  1731676888
64616.01  1731676912
64616.33  1731677046
64616.42  1731677070
64616.746  1731677201
64616.836  1731677225
64617.16  1731677358
64617.277  1731677382
64617.6  1731677514
64617.69  1731677538
64618.008  1731677664
64618.1  1731677688
64618.418  1731677818
64618.504  1731677842
64618.824  1731677967
64618.914  1731677991
64619.23  1731678125
64619.316  1731678149
64619.668  1731678276
64619.754  1731678300
64620.07  1731678426
64620.164  1731678450
64620.473  1731678584
64620.57  1731678608
64620.883  1731678738
64621.06  1731678762
64621.367  1731678896
64621.457  1731678920
64621.78  1731679060
64621.875  1731679084
64622.19  1731679210
64622.285  1731679234
64622.598  1731679364
64622.688  1731679388
64623.02  1731679517
64623.11  1731679541
64623.43  1731679667
64623.52  1731679691
64623.836  1731679824
64623.926  1731679848
64624.254  1731679982
64624.344  1731680006
64624.656  1731680136
64624.746  1731680160
64625.082  1731680284
64625.168  1731680308
64625.484  1731680439
64625.574  1731680463
64625.895  1731680590
64625.984  1731680614
64626.3  1731680748
64626.39  1731680772
64626.715  1731680900
64626.82  1731680924
64627.133  1731681059
64627.223  1731681083
64627.535  1731681210
64627.633  1731681234
64627.945  1731681363
64628.035  1731681387
64628.35  1731681513
64628.44  1731681537
64628.758  1731681678
64628.844  1731681702
64629.156  1731681825
64629.242  1731681849
64629.574  1731681977
64629.67  1731682001
64630.04  1731682128
64630.15  1731682152
64630.47  1731682283
64630.574  1731682307
64630.887  1731682445
64630.98  1731682469
64631.31  1731682593
64631.4  1731682617
64631.742  1731682744
64631.832  1731682768
64632.152  1731682902
64632.242  1731682926
64632.562  1731683060
64632.66  1731683084
64632.973  1731683222
64633.074  1731683246
64633.383  1731683372
64633.477  1731683396
64633.812  1731683525
64633.902  1731683549
64634.246  1731683674
64634.51  1731683698
64634.848  1731683834
64634.938  1731683858
64635.266  1731683991
64635.355  1731684015
64635.664  1731684141
64635.758  1731684165
64636.074  1731684296
64636.164  1731684320
64636.477  1731684459
64636.58  1731684483
64636.9  1731684609
64636.99  1731684633
64637.35  1731684760
64637.44  1731684784
64637.805  1731684910
64637.895  1731684934
64638.21  1731685064
64638.312  1731685088
64638.63  1731685229
64638.72  1731685253
64639.04  1731685377
64639.13  1731685401
64639.44  1731685537
64639.53  1731685561
64639.855  1731685695
64639.945  1731685719
64640.258  1731685861
64640.355  1731685885
64640.67  1731686020
64640.76  1731686044
64641.074  1731686173
64641.168  1731686197
64641.48  1731686329
64641.574  1731686353
64641.895  1731686489
64641.99  1731686513
64642.305  1731686635
64642.395  1731686659
64642.715  1731686783
64642.812  1731686807
64643.13  1731686941
64643.223  1731686965
64643.547  1731687100
64643.645  1731687124
64643.953  1731687248
64644.047  1731687272
64644.355  1731687396
64644.445  1731687420
64644.777  1731687544
64644.867  1731687568
64645.184  1731687697
64645.273  1731687721
64645.586  1731687850
64645.68  1731687874
64645.992  1731688004
64646.082  1731688028
64646.395  1731688154
64646.48  1731688178
64646.8  1731688302
64646.89  1731688326
64647.215  1731688451
64647.305  1731688475
64647.625  1731688606
64647.715  1731688630
64648.027  1731688761
64648.12  1731688785
64648.445  1731688914
64648.535  1731688938
64648.863  1731689062
64648.953  1731689086
64649.28  1731689216
64649.37  1731689240
64649.68  1731689391
64649.77  1731689415
64650.086  1731689540
64650.17  1731689564
64650.484  1731689695
64650.586  1731689719
64650.9  1731689854
64650.99  1731689878
64651.305  1731690015
64651.4  1731690039
64651.723  1731690170
64651.81  1731690194
64652.133  1731690339
64652.223  1731690363
64652.53  1731690491
64652.63  1731690515
64652.94  1731690644
64653.03  1731690668
64653.355  1731690794
64653.445  1731690818
64653.777  1731690940
64653.867  1731690964
64654.203  1731691095
64654.3  1731691119
64654.625  1731691245
64654.71  1731691269
64655.023  1731691403
64655.125  1731691427
64655.438  1731691554
64655.527  1731691578
64655.91  1731691706
64656.0  1731691730
64656.312  1731691859
64656.402  1731691883
64656.715  1731692017
64656.82  1731692041
64657.137  1731692168
64657.227  1731692192
64657.535  1731692320
64657.64  1731692344
64657.95  1731692476
64658.04  1731692500
64658.36  1731692639
64658.445  1731692663
64658.758  1731692797
64658.848  1731692821
64659.18  1731692948
64659.27  1731692972
64659.582  1731693096
64659.67  1731693120
64659.984  1731693247
64660.07  1731693271
64660.387  1731693395
64660.473  1731693419
64660.793  1731693547
64660.88  1731693571
64661.195  1731693698
64661.29  1731693722
64661.6  1731693851
64661.7  1731693875
64662.01  1731694001
64662.1  1731694025
64662.41  1731694150
64662.5  1731694174
64662.816  1731694309
64662.906  1731694333
64663.223  1731694458
64663.316  1731694482
64663.63  1731694612
64663.72  1731694636
64664.027  1731694768
64664.12  1731694792
64664.445  1731694923
64664.535  1731694947
64664.86  1731695084
64664.945  1731695108
64665.29  1731695235
64665.38  1731695259
64665.695  1731695393
64665.785  1731695417
64666.11  1731695548
64666.215  1731695572
64666.527  1731695696
64666.633  1731695720
64666.945  1731695845
64667.355  1731695996
64667.445  1731696020
64667.76  1731696144
64667.867  1731696168
64668.207  1731696293
64668.297  1731696317
64668.613  1731696442
64668.703  1731696466
64669.02  1731696599
64669.12  1731696623
64669.43  1731696755
64669.52  1731696779
64669.836  1731696914
64669.92  1731696938
64670.29  1731697068
64670.387  1731697092
64670.7  1731697214
64670.79  1731697238
64671.11  1731697360
64671.2  1731697384
64671.51  1731697520
64671.61  1731697544
64671.93  1731697668
64672.02  1731697692
64672.344  1731697815
64672.434  1731697839
64672.75  1731697968
64672.84  1731697992
64673.152  1731698117
64673.24  1731698141
64673.55  1731698267
64673.64  1731698291
64673.95  1731698415
64674.043  1731698439
64674.37  1731698568
64674.46  1731698592
64674.785  1731698715
64674.875  1731698739
64675.184  1731698870
64675.28  1731698894
64675.598  1731699025
64675.69  1731699049
64676.01  1731699184
64676.113  1731699208
64676.45  1731699341
64676.547  1731699365
64676.863  1731699494
64676.953  1731699518
64677.285  1731699651
64677.375  1731699675
64677.684  1731699801
64677.78  1731699825
64678.094  1731699952
64678.188  1731699976
64678.5  1731700104
64678.59  1731700128
64678.934  1731700264
64679.02  1731700288
64679.35  1731700415
64679.44  1731700439
64679.754  1731700581
64679.844  1731700605
64680.16  1731700742
64680.25  1731700766
64680.566  1731700900
64680.684  1731700924
64681.004  1731701062
64681.094  1731701086
64681.42  1731701209
64681.51  1731701233
64681.83  1731701359
64681.914  1731701383
64682.227  1731701521
64682.316  1731701545
64682.63  1731701669
64682.723  1731701693
64683.03  1731701821
64683.125  1731701845
64683.44  1731701971
64683.55  1731701995
64683.867  1731702118
64683.957  1731702142
64684.28  1731702276
64684.37  1731702300
64684.688  1731702431
64684.777  1731702455
64685.086  1731702590
64685.184  1731702614
64685.496  1731702745
64685.594  1731702769
64685.914  1731702895
64686.004  1731702919
64686.33  1731703047
64686.418  1731703071
64686.734  1731703201
64686.83  1731703225
64687.15  1731703364
64687.24  1731703388
64687.555  1731703521
64687.645  1731703545
64687.973  1731703671
64688.062  1731703695
64688.383  1731703837
64688.473  1731703861
64688.785  1731703993
64688.88  1731704017
64689.19  1731704140
64689.28  1731704164
64689.598  1731704292
64689.684  1731704316
64689.996  1731704442
64690.094  1731704466
64690.406  1731704598
64690.504  1731704622
64690.816  1731704749
64690.91  1731704773
64691.227  1731704905
64691.312  1731704929
64691.63  1731705060
64691.723  1731705084
64692.035  1731705216
64692.13  1731705240
64692.44  1731705367
64692.527  1731705391
64692.85  1731705522
64692.94  1731705546
64693.26  1731705682
64693.348  1731705706
64693.664  1731705831
64693.758  1731705855
64694.074  1731705978
64694.176  1731706002
64694.492  1731706137
64694.582  1731706161
64694.902  1731706285
64694.996  1731706309
64695.312  1731706444
64695.406  1731706468
64695.723  1731706598
64695.812  1731706622
64696.125  1731706752
64696.215  1731706776
64696.523  1731706900
64696.62  1731706924
64696.938  1731707053
64697.027  1731707077
64697.348  1731707214
64697.438  1731707238
64697.76  1731707364
64697.85  1731707388
64698.168  1731707529
64698.258  1731707553
64698.566  1731707686
64698.668  1731707710
64698.977  1731707837
64699.066  1731707861
64699.38  1731707990
64699.47  1731708014
64699.777  1731708145
64699.867  1731708169
64700.184  1731708306
64700.277  1731708330
64700.59  1731708463
64700.68  1731708487
64700.992  1731708623
64701.082  1731708647
64701.395  1731708773
64701.48  1731708797
64701.8  1731708932
64701.887  1731708956
64702.223  1731709083
64702.312  1731709107
64702.633  1731709241
64702.723  1731709265
64703.035  1731709392
64703.12  1731709416
64703.434  1731709545
64703.52  1731709569
64703.832  1731709707
64703.918  1731709731
64704.24  1731709860
64704.33  1731709884
64704.645  1731710013
64704.742  1731710037
64705.05  1731710164
64705.14  1731710188
64705.465  1731710316
64705.555  1731710340
64705.875  1731710474
64705.96  1731710498
64706.285  1731710625
64706.375  1731710649
64706.688  1731710779
64706.773  1731710803
64707.086  1731710930
64707.18  1731710954
64707.49  1731711092
64707.58  1731711116
64707.91  1731711243
64708.0  1731711267
64708.324  1731711397
64708.414  1731711421
64708.723  1731711546
64708.812  1731711570
64709.13  1731711699
64709.223  1731711723
64709.53  1731711863
64709.625  1731711887
64709.94  1731712014
64710.03  1731712038
64710.375  1731712177
64710.465  1731712201
64710.78  1731712326
64710.867  1731712350
64711.188  1731712478
64711.273  1731712502
64711.586  1731712627
64711.67  1731712651
64711.99  1731712785
64712.08  1731712809
64712.4  1731712939
64712.49  1731712963
64712.8  1731713089
64712.89  1731713113
64713.203  1731713243
64713.293  1731713267
64713.6  1731713400
64713.69  1731713424
64714.008  1731713555
64714.094  1731713579
64714.42  1731713709
64714.51  1731713733
64714.84  1731713868
64714.926  1731713892
64715.242  1731714019
64715.332  1731714043
64715.645  1731714168
64715.73  1731714192
64716.043  1731714318
64716.137  1731714342
64716.45  1731714476
64716.54  1731714500
64716.86  1731714632
64716.95  1731714656
64717.28  1731714783
64717.37  1731714807
64717.68  1731714931
64717.773  1731714955
64718.082  1731715083
64718.188  1731715107
64718.508  1731715233
64718.598  1731715257
64718.92  1731715385
64719.008  1731715409
64719.324  1731715558
64719.414  1731715582
64719.73  1731715717
64719.82  1731715741
64720.133  1731715877
64720.223  1731715901
64720.535  1731716040
64720.664  1731716064
64720.977  1731716197
64721.062  1731716221
64721.383  1731716343
64721.48  1731716367
64721.81  1731716500
64721.895  1731716524
64722.207  1731716650
64722.3  1731716674
64722.613  1731716803
64722.758  1731716827
64723.066  1731716953
64723.25  1731716977
64723.566  1731717106
64723.664  1731717130
64723.98  1731717266
64724.07  1731717290
64724.402  1731717423
64724.49  1731717447
64724.805  1731717577
64724.895  1731717601
64725.21  1731717734
64725.3  1731717758
64725.617  1731717895
64725.71  1731717919
64726.02  1731718058
64726.11  1731718082
64726.418  1731718203
64726.508  1731718227
64726.832  1731718366
64726.92  1731718390
64727.24  1731718518
64727.33  1731718542
64727.645  1731718666
64727.734  1731718690
64728.055  1731718821
64728.145  1731718845
64728.453  1731718965
64728.543  1731718989
64728.855  1731719121
64728.945  1731719145
64729.273  1731719278
64729.363  1731719302
64729.688  1731719433
64729.777  1731719457
64730.086  1731719579
64730.184  1731719603
64730.496  1731719737
64730.676  1731719761
64730.99  1731719885
64731.08  1731719909
64731.395  1731720033
64731.484  1731720057
64731.8  1731720184
64731.89  1731720208
64732.207  1731720332
64732.297  1731720356
64732.61  1731720484
64732.71  1731720508
64733.023  1731720638
64733.113  1731720662
64733.434  1731720788
64733.52  1731720812
64733.836  1731720947
64733.92  1731720971
64734.234  1731721099
64734.324  1731721123
64734.64  1731721249
64734.73  1731721273
64735.043  1731721399
64735.133  1731721423
64735.445  1731721553
64735.535  1731721577
64735.855  1731721703
64735.957  1731721727
64736.285  1731721854
64736.38  1731721878
64736.69  1731722011
64736.78  1731722035
64737.09  1731722173
64737.18  1731722197
64737.492  1731722323
64737.582  1731722347
64737.91  1731722480
64738.0  1731722504
64738.312  1731722636
64738.402  1731722660
64738.72  1731722792
64738.81  1731722816
64739.12  1731722948
64739.215  1731722972
64739.523  1731723109
64739.613  1731723133
64739.97  1731723266
64740.06  1731723290
64740.375  1731723419
64740.465  1731723443
64740.777  1731723575
64740.87  1731723599
64741.184  1731723732
64741.273  1731723756
64741.586  1731723878
64741.676  1731723902
64741.992  1731724025
64742.082  1731724049
64742.4  1731724179
64742.49  1731724203
64742.81  1731724333
64742.9  1731724357
64743.23  1731724483
64743.32  1731724507
64743.633  1731724631
64743.727  1731724655
64744.043  1731724777
64744.133  1731724801
64744.453  1731724926
64744.543  1731724950
64744.855  1731725073
64744.953  1731725097
64745.273  1731725228
64745.367  1731725252
64745.684  1731725378
64745.777  1731725402
64746.086  1731725539
64746.176  1731725563
64746.504  1731725685
64746.594  1731725709
64746.914  1731725830
64747.004  1731725854
64747.32  1731725978
64747.41  1731726002
64747.742  1731726138
64747.832  1731726162
64748.14  1731726291
64748.23  1731726315
64748.543  1731726453
64748.637  1731726477
64748.953  1731726613
64749.043  1731726637
64749.35  1731726766
64749.44  1731726790
64749.758  1731726919
64749.848  1731726943
64750.16  1731727074
64750.258  1731727098
64750.566  1731727225
64750.695  1731727249
64751.004  1731727375
64751.094  1731727399
64751.406  1731727524
64751.496  1731727548
64751.812  1731727683
64751.902  1731727707
64752.21  1731727834
64752.375  1731727858
64752.69  1731727982
64752.78  1731728006
64753.094  1731728132
64753.184  1731728156
64753.496  1731728289
64753.586  1731728313
64753.91  1731728438
64754.0  1731728462
64754.32  1731728586
64754.406  1731728610
64754.723  1731728740
64754.812  1731728764
64755.12  1731728890
64755.21  1731728914
64755.523  1731729044
64755.613  1731729068
64755.94  1731729196
64756.03  1731729220
64756.35  1731729340
64756.44  1731729364
64756.754  1731729500
64756.844  1731729524
64757.156  1731729657
64757.254  1731729681
64757.566  1731729819
64757.656  1731729843
64757.97  1731729968
64758.06  1731729992
64758.37  1731730122
64758.465  1731730146
64758.777  1731730270
64758.863  1731730294
64759.176  1731730429
64759.266  1731730453
64759.58  1731730585
64759.68  1731730609
64759.996  1731730741
64760.086  1731730765
64760.473  1731730895
64760.562  1731730919
64760.875  1731731057
64760.965  1731731081
64761.273  1731731208
64761.363  1731731232
64761.676  1731731382
64761.766  1731731406
64762.082  1731731532
64762.18  1731731556
64762.492  1731731681
64762.582  1731731705
64762.895  1731731839
64762.99  1731731863
64763.32  1731731993
64763.41  1731732017
64763.73  1731732145
64763.82  1731732169
64764.13  1731732306
64764.227  1731732330
64764.54  1731732466
64764.63  1731732490
64764.94  1731732614
64765.027  1731732638
64765.363  1731732767
64765.45  1731732791
64765.76  1731732925
64765.85  1731732949
64766.16  1731733082
64766.25  1731733106
64766.566  1731733235
64766.652  1731733259
64766.97  1731733391
64767.055  1731733415
64767.37  1731733537
64767.46  1731733561
64767.773  1731733687
64767.863  1731733711
64768.176  1731733841
64768.266  1731733865
64768.58  1731733990
64768.668  1731734014
64768.977  1731734142
64769.074  1731734166
64769.395  1731734307
64769.484  1731734331
64769.8  1731734462
64769.895  1731734486
64770.203  1731734610
64770.297  1731734634
64770.605  1731734771
64770.703  1731734795
64771.016  1731734932
64771.105  1731734956
64771.418  1731735087
64771.508  1731735111
64771.824  1731735233
64771.918  1731735257
64772.23  1731735386
64772.324  1731735410
64772.633  1731735541
64772.73  1731735565
64773.04  1731735691
64773.13  1731735715
64773.473  1731735841
64773.562  1731735865
64773.883  1731735989
64773.97  1731736013
64774.29  1731736134
64774.383  1731736158
64774.7  1731736282
64774.79  1731736306
64775.1  1731736441
64775.19  1731736465
64775.5  1731736596
64775.59  1731736620
64775.91  1731736745
64776.008  1731736769
64776.324  1731736899
64776.414  1731736923
64776.727  1731737055
64776.82  1731737079
64777.137  1731737211
64777.242  1731737235
64777.56  1731737367
64777.645  1731737391
64777.97  1731737522
64778.055  1731737546
64778.395  1731737675
64778.484  1731737699
64778.8  1731737836
64778.89  1731737860
64779.227  1731737981
64779.316  1731738005
64779.63  1731738129
64779.723  1731738153
64780.03  1731738281
64780.12  1731738305
64780.492  1731738437
64780.582  1731738461
64780.906  1731738601
64780.996  1731738625
64781.33  1731738757
64781.484  1731738781
64781.805  1731738918
64781.895  1731738942
64782.203  1731739070
64782.293  1731739094
64782.605  1731739222
64782.707  1731739246
64783.02  1731739378
64783.11  1731739402
64783.426  1731739530
64783.516  1731739554
64783.83  1731739680
64783.918  1731739704
64784.277  1731739838
64784.367  1731739862
64784.68  1731739996
64784.77  1731740020
64785.09  1731740160
64785.18  1731740184
64785.51  1731740313
64785.6  1731740337
64785.92  1731740461
64786.008  1731740485
64786.32  1731740615
64786.414  1731740639
64786.734  1731740776
64786.824  1731740800
64787.133  1731740925
64787.223  1731740949
64787.55  1731741079
64787.64  1731741103
64787.973  1731741228
64788.062  1731741252
64788.375  1731741379
64788.48  1731741403
64788.805  1731741533
64788.895  1731741557
64789.21  1731741683
64789.32  1731741707
64789.633  1731741839
64789.723  1731741863
64790.047  1731741988
64790.137  1731742012
64790.49  1731742144
64790.58  1731742168
64790.906  1731742292
64790.996  1731742316
64791.316  1731742443
64791.406  1731742467
64791.727  1731742590
64791.816  1731742614
64792.133  1731742749
64792.22  1731742773
64792.53  1731742910
64792.62  1731742934
64792.93  1731743061
64793.02  1731743085
64793.336  1731743213
64793.426  1731743237
64793.74  1731743361
64793.83  1731743385
64794.137  1731743508
64794.234  1731743532
64794.547  1731743670
64794.637  1731743694
64794.95  1731743825
64795.04  1731743849
64795.367  1731743978
64795.453  1731744002
64795.777  1731744124
64795.867  1731744148
64796.184  1731744273
64796.277  1731744297
64796.59  1731744432
64796.68  1731744456
64796.99  1731744582
64797.08  1731744606
64797.39  1731744735
64797.48  1731744759
64797.797  1731744891
64797.89  1731744915
64798.207  1731745046
64798.297  1731745070
64798.613  1731745197
64798.703  1731745221
64799.02  1731745351
64799.11  1731745375
64799.426  1731745504
64799.516  1731745528
64799.84  1731745656
64799.93  1731745680
64800.246  1731745819
64800.332  1731745843
64800.65  1731745967
64800.74  1731745991
64801.047  1731746116
64801.137  1731746140
64801.45  1731746276
64801.54  1731746300
64801.867  1731746435
64801.957  1731746459
64802.273  1731746583
64802.363  1731746607
64802.676  1731746736
64802.81  1731746760
64803.12  1731746890
64803.21  1731746914
64803.523  1731747047
64803.613  1731747071
64803.93  1731747209
64804.02  1731747233
64804.33  1731747369
64804.418  1731747393
64804.727  1731747515
64804.824  1731747539
64805.137  1731747674
64805.227  1731747698
64805.535  1731747828
64805.625  1731747852
64805.95  1731747986
64806.047  1731748010
64806.363  1731748132
64806.453  1731748156
64806.766  1731748293
64806.85  1731748317
64807.17  1731748441
64807.266  1731748465
64807.574  1731748598
64807.664  1731748622
64807.99  1731748752
64808.08  1731748776
64808.4  1731748906
64808.5  1731748930
64808.812  1731749071
64808.906  1731749095
64809.22  1731749216
64809.31  1731749240
64809.62  1731749373
64809.71  1731749397
64810.023  1731749531
64810.113  1731749555
64810.426  1731749690
64810.51  1731749714
64810.836  1731749842
64810.926  1731749866
64811.242  1731749992
64811.332  1731750016
64811.64  1731750140
64811.73  1731750164
64812.043  1731750293
64812.133  1731750317
64812.45  1731750441
64812.55  1731750465
64812.86  1731750594
64812.953  1731750618
64813.28  1731750766
64813.383  1731750790
64813.695  1731750923
64813.79  1731750947
64814.1  1731751077
64814.19  1731751101
64814.516  1731751228
64814.605  1731751252
64814.92  1731751379
64815.01  1731751403
64815.344  1731751531
64815.438  1731751555
64815.773  1731751683
64815.863  1731751707
64816.176  1731751835
64816.27  1731751859
64816.58  1731751987
64816.668  1731752011
64816.99  1731752139
64817.074  1731752163
64817.395  1731752288
64817.48  1731752312
64817.8  1731752438
64817.89  1731752462
64818.207  1731752590
64818.297  1731752614
64818.605  1731752740
64818.695  1731752764
64819.03  1731752890
64819.117  1731752914
64819.434  1731753043
64819.523  1731753067
64819.832  1731753206
64819.92  1731753230
64820.234  1731753362
64820.32  1731753386
64820.637  1731753509
64820.727  1731753533
64821.035  1731753665
64821.125  1731753689
64821.434  1731753817
64821.523  1731753841
64821.84  1731753980
64821.93  1731754004
64822.24  1731754136
64822.33  1731754160
64822.65  1731754293
64822.74  1731754317
64823.047  1731754446
64823.137  1731754470
64823.457  1731754596
64823.547  1731754620
64823.86  1731754744
64823.95  1731754768
64824.27  1731754896
64824.355  1731754920
64824.668  1731755055
64824.77  1731755079
64825.082  1731755210
64825.17  1731755234
64825.496  1731755371
64825.586  1731755395
64825.902  1731755524
64825.992  1731755548
64826.31  1731755677
64826.4  1731755701
64826.71  1731755830
64826.8  1731755854
64827.113  1731755987
64827.203  1731756011
64827.516  1731756142
64827.605  1731756166
64827.914  1731756299
64828.004  1731756323
64828.316  1731756448
64828.406  1731756472
64828.715  1731756599
64828.83  1731756623
64829.14  1731756746
64829.227  1731756770
64829.547  1731756904
64829.637  1731756928
64829.96  1731757060
64830.047  1731757084
64830.36  1731757213
64830.445  1731757237
64830.76  1731757370
64830.855  1731757394
64831.168  1731757521
64831.26  1731757545
64831.57  1731757683
64831.66  1731757707
64831.973  1731757846
64832.06  1731757870
64832.367  1731758002
64832.457  1731758026
64832.78  1731758158
64832.867  1731758182
64833.18  1731758317
64833.273  1731758341
64833.586  1731758474
64833.67  1731758498
64833.984  1731758632
64834.074  1731758656
64834.387  1731758793
64834.477  1731758817
64834.79  1731758942
64834.883  1731758966
64835.19  1731759099
64835.293  1731759123
64835.6  1731759254
64835.69  1731759278
64836.008  1731759409
64836.094  1731759433
64836.41  1731759563
64836.5  1731759587
64836.812  1731759710
64836.906  1731759734
64837.215  1731759861
64837.31  1731759885
64837.637  1731760021
64837.727  1731760045
64838.047  1731760172
64838.137  1731760196
64838.457  1731760332
64838.55  1731760356
64838.863  1731760493
64838.953  1731760517
64839.27  1731760648
64839.355  1731760672
64839.67  1731760811
64839.758  1731760835
64840.074  1731760970
64840.164  1731760994
64840.477  1731761128
64840.566  1731761152
64840.88  1731761280
64840.977  1731761304
64841.29  1731761437
64841.383  1731761461
64841.69  1731761588
64841.812  1731761612
64842.13  1731761742
64842.22  1731761766
64842.527  1731761902
64842.617  1731761926
64842.94  1731762053
64843.027  1731762077
64843.027  1731762077
