13076.166  3694475838
13076.679  3694475893
13077.56  3694476106
13078.068  3694476209
13078.27  3694476256
13078.778  3694476368
13078.9795  3694476417
13079.488  3694476519
13079.689  3694476567
13080.198  3694476667
13080.399  3694476716
13080.908  3694476816
13081.109  3694476864
13081.618  3694476969
13081.819  3694477018
13082.328  3694477121
13082.53  3694477170
13083.038  3694477274
13083.24  3694477322
13083.748  3694477424
13083.95  3694477472
13084.458  3694477582
13084.66  3694477631
13085.168  3694477739
13085.37  3694477788
13085.878  3694477893
13086.08  3694477941
13086.588  3694478044
13086.79  3694478093
13087.298  3694478209
13087.5  3694478257
13088.008  3694478367
13088.21  3694478416
13088.718  3694478516
13088.92  3694478563
13089.428  3694478677
13089.631  3694478725
13090.138  3694478834
13090.341  3694478881
13090.848  3694478989
13091.051  3694479038
13091.558  3694479155
13091.761  3694479204
13092.269  3694479312
13092.471  3694479360
13092.978  3694479461
13093.181  3694479510
13093.6875  3694479614
13093.891  3694479662
13094.4  3694479775
13094.601  3694479824
13095.109  3694479922
13095.311  3694479970
13095.817  3694480070
13096.021  3694480119
13096.528  3694480218
13096.731  3694480266
13097.238  3694480374
13097.441  3694480422
13097.948  3694480521
13098.151  3694480569
13098.658  3694480668
13098.861  3694480717
13099.368  3694480816
13099.571  3694480864
13100.078  3694480975
13100.281  3694481022
13100.788  3694481126
13100.991  3694481175
13101.498  3694481283
13101.701  3694481329
13102.208  3694481442
13102.412  3694481488
13102.918  3694481587
13103.122  3694481635
13103.628  3694481753
13103.832  3694481802
13104.338  3694481908
13104.542  3694481957
13105.048  3694482059
13105.252  3694482107
13105.758  3694482209
13105.962  3694482258
13106.468  3694482369
13106.672  3694482418
13107.178  3694482530
13107.382  3694482578
13107.889  3694482684
13108.092  3694482731
13108.599  3694482845
13108.803  3694482893
13109.308  3694482995
13109.513  3694483044
13110.018  3694483154
13110.223  3694483202
13110.73  3694483312
13110.933  3694483360
13111.438  3694483459
13111.643  3694483507
13112.148  3694483622
13112.353  3694483670
13112.858  3694483771
13113.0625  3694483819
13113.568  3694483923
13113.772  3694483972
13114.278  3694484077
13114.482  3694484125
13114.987  3694484223
13115.193  3694484271
13115.698  3694484374
13115.903  3694484423
13116.408  3694484534
13116.613  3694484581
13117.118  3694484692
13117.323  3694484739
13117.828  3694484838
13118.033  3694484886
13118.538  3694484991
13118.743  3694485039
13119.249  3694485150
13119.453  3694485199
13119.959  3694485306
13120.163  3694485354
13120.668  3694485456
13120.873  3694485505
13121.378  3694485613
13121.584  3694485661
13122.091  3694485762
13122.294  3694485811
13122.8  3694485916
13123.004  3694485965
13123.508  3694486076
13123.714  3694486123
13124.219  3694486230
13124.424  3694486278
13124.929  3694486397
13125.134  3694486445
13125.638  3694486551
13125.844  3694486600
13126.349  3694486710
13126.554  3694486756
13127.058  3694486860
13127.264  3694486909
13127.77  3694487018
13127.975  3694487066
13128.478  3694487164
13128.685  3694487213
13129.188  3694487318
13129.395  3694487367
13129.898  3694487484
13130.1045  3694487531
13130.607  3694487633
13130.814  3694487680
13131.317  3694487786
13131.524  3694487834
13132.028  3694487931
13132.234  3694487979
13132.738  3694488082
13132.944  3694488130
13133.448  3694488238
13133.654  3694488286
13134.157  3694488391
13134.365  3694488440
13134.868  3694488548
13135.075  3694488594
13135.578  3694488694
13135.785  3694488740
13136.288  3694488848
13136.495  3694488897
13136.997  3694488999
13137.205  3694489048
13137.707  3694489154
13137.915  3694489202
13138.418  3694489305
13138.625  3694489351
13139.128  3694489465
13139.335  3694489513
13139.838  3694489611
13140.045  3694489659
13140.549  3694489767
13140.756  3694489814
13141.258  3694489921
13141.466  3694489968
13141.968  3694490069
13142.176  3694490118
13142.678  3694490217
13142.886  3694490266
13143.388  3694490366
13143.596  3694490414
13144.098  3694490518
13144.306  3694490566
13144.808  3694490668
13145.016  3694490716
13145.518  3694490817
13145.726  3694490865
13146.228  3694490966
13146.436  3694491015
13146.938  3694491124
13147.1455  3694491173
13147.648  3694491278
13147.856  3694491326
13148.357  3694491425
13148.566  3694491474
13149.067  3694491578
13149.276  3694491627
13149.778  3694491730
13149.986  3694491778
13150.488  3694491883
13150.696  3694491932
13151.198  3694492045
13151.406  3694492093
13151.908  3694492195
13152.116  3694492243
13152.618  3694492351
13152.826  3694492398
13153.328  3694492497
13153.536  3694492546
13154.037  3694492654
13154.247  3694492703
13154.747  3694492809
13154.946  3694492858
13155.457  3694492955
13155.657  3694493004
13156.168  3694493111
13156.377  3694493159
13156.878  3694493259
13157.087  3694493307
13157.587  3694493405
13157.787  3694493454
13158.298  3694493561
13158.507  3694493609
13159.009  3694493710
13159.217  3694493758
13159.718  3694493858
13159.927  3694493905
13160.428  3694494005
13160.627  3694494051
13161.139  3694494157
13161.337  3694494206
13161.848  3694494311
13162.058  3694494359
13162.559  3694494460
13162.758  3694494509
13163.268  3694494615
13163.468  3694494663
13163.978  3694494768
13164.178  3694494817
13164.6875  3694494924
13164.888  3694494973
13165.397  3694495072
13165.598  3694495119
13166.107  3694495226
13166.308  3694495274
13166.817  3694495375
13167.018  3694495422
13167.527  3694495523
13167.738  3694495571
13168.238  3694495679
13168.438  3694495726
13168.948  3694495827
13169.148  3694495876
13169.658  3694495983
13169.858  3694496032
13170.368  3694496135
13170.568  3694496184
13171.077  3694496288
13171.278  3694496336
13171.788  3694496448
13171.988  3694496496
13172.497  3694496601
13172.698  3694496649
13173.208  3694496751
13173.408  3694496800
13173.918  3694496908
13174.118  3694496956
13174.627  3694497071
13174.829  3694497119
13175.338  3694497220
13175.539  3694497268
13176.048  3694497366
13176.249  3694497415
13176.758  3694497522
13176.959  3694497571
13177.468  3694497675
13177.669  3694497724
13178.18  3694497830
13178.379  3694497878
13178.889  3694497987
13179.089  3694498035
13179.599  3694498144
13179.799  3694498192
13180.308  3694498310
13180.509  3694498358
13181.019  3694498466
13181.22  3694498514
13181.729  3694498616
13181.93  3694498664
13182.4375  3694498770
13182.64  3694498817
13183.147  3694498920
13183.35  3694498968
13183.857  3694499077
13184.06  3694499126
13184.568  3694499233
13184.77  3694499281
13185.277  3694499384
13185.4795  3694499429
13185.987  3694499533
13186.189  3694499581
13186.697  3694499680
13186.899  3694499729
13187.408  3694499840
13187.61  3694499889
13188.117  3694499993
13188.32  3694500039
13188.827  3694500151
13189.03  3694500200
13189.538  3694500314
13189.74  3694500361
13190.248  3694500463
13190.45  3694500512
13190.958  3694500622
13191.16  3694500670
13191.668  3694500777
13191.87  3694500826
13192.378  3694500930
13192.58  3694500979
13193.087  3694501084
13193.301  3694501133
13193.808  3694501250
13194.011  3694501297
13194.518  3694501404
13194.721  3694501453
13195.228  3694501555
13195.431  3694501604
13195.9375  3694501706
13196.141  3694501753
13196.647  3694501856
13196.851  3694501904
13197.357  3694502007
13197.561  3694502055
13198.067  3694502162
13198.2705  3694502209
13198.778  3694502313
13198.981  3694502361
13199.487  3694502468
13199.691  3694502516
13200.197  3694502627
13200.401  3694502676
13200.907  3694502778
13201.111  3694502827
13201.618  3694502930
13201.821  3694502979
13202.328  3694503090
13202.531  3694503138
13203.037  3694503244
13203.241  3694503293
13203.747  3694503396
13203.951  3694503445
13204.457  3694503555
13204.661  3694503604
13205.167  3694503704
13205.372  3694503753
13205.877  3694503856
13206.082  3694503905
13206.588  3694504006
13206.792  3694504055
13207.298  3694504165
13207.502  3694504214
13208.008  3694504322
13208.212  3694504370
13208.719  3694504469
13208.922  3694504518
13209.427  3694504624
13209.632  3694504671
13210.137  3694504775
13210.402  3694504824
13210.879  3694504925
13211.082  3694504974
13211.587  3694505075
13211.792  3694505122
13212.298  3694505223
13212.502  3694505272
13213.008  3694505378
13213.212  3694505426
13213.717  3694505527
13213.923  3694505576
13214.428  3694505681
13214.633  3694505728
13215.139  3694505831
13215.343  3694505878
13215.848  3694505987
13216.053  3694506035
13216.558  3694506134
13216.763  3694506183
13217.2705  3694506293
13217.473  3694506341
13217.978  3694506452
13218.183  3694506499
13218.6875  3694506599
13218.893  3694506646
13219.397  3694506756
13219.603  3694506805
13220.108  3694506914
13220.313  3694506962
13220.817  3694507066
13221.023  3694507114
13221.527  3694507217
13221.733  3694507264
13222.238  3694507365
13222.443  3694507414
13222.947  3694507520
13223.153  3694507568
13223.657  3694507673
13223.863  3694507721
13224.367  3694507829
13224.573  3694507877
13225.077  3694507985
13225.283  3694508033
13225.787  3694508143
13225.993  3694508191
13226.498  3694508294
13226.704  3694508343
13227.207  3694508449
13227.414  3694508498
13227.919  3694508605
13228.124  3694508654
13228.628  3694508764
13228.834  3694508812
13229.338  3694508921
13229.544  3694508969
13230.048  3694509072
13230.254  3694509119
13230.757  3694509220
13230.964  3694509269
13231.468  3694509375
13231.674  3694509423
13232.178  3694509525
13232.384  3694509572
13232.888  3694509677
13233.095  3694509724
13233.598  3694509832
13233.805  3694509881
13234.308  3694509981
13234.515  3694510029
13235.018  3694510128
13235.225  3694510174
13235.728  3694510275
13235.935  3694510324
13236.4375  3694510439
13236.645  3694510487
13237.148  3694510593
13237.3545  3694510642
13237.856  3694510751
13238.064  3694510798
13238.567  3694510898
13238.774  3694510947
13239.277  3694511050
13239.485  3694511097
13239.986  3694511204
13240.195  3694511251
13240.697  3694511350
13240.905  3694511397
13241.407  3694511496
13241.615  3694511545
13242.117  3694511655
13242.325  3694511703
13242.827  3694511814
13243.035  3694511863
13243.538  3694511974
13243.745  3694512021
13244.247  3694512134
13244.455  3694512182
13244.957  3694512294
13245.165  3694512342
13245.667  3694512442
13245.876  3694512490
13246.377  3694512603
13246.586  3694512651
13247.087  3694512774
13247.296  3694512823
13247.797  3694512933
13248.006  3694512980
13248.507  3694513079
13248.716  3694513127
13249.217  3694513233
13249.426  3694513281
13249.927  3694513396
13250.136  3694513445
13250.638  3694513546
13250.846  3694513595
13251.348  3694513704
13251.556  3694513753
13252.057  3694513854
13252.267  3694513901
13252.767  3694514005
13252.966  3694514053
13253.478  3694514159
13253.687  3694514208
13254.1875  3694514313
13254.396  3694514359
13254.897  3694514459
13255.106  3694514507
13255.606  3694514609
13255.816  3694514658
13256.317  3694514772
13256.517  3694514821
13257.027  3694514920
13257.236  3694514967
13257.737  3694515069
13257.937  3694515118
13258.447  3694515221
13258.657  3694515269
13259.156  3694515370
13259.356  3694515417
13259.867  3694515528
13260.067  3694515577
13260.579  3694515681
13260.787  3694515728
13261.287  3694515830
13261.487  3694515878
13261.997  3694515980
13262.197  3694516029
13262.707  3694516131
13262.917  3694516180
13263.418  3694516284
13263.617  3694516333
13264.127  3694516443
13264.327  3694516491
13264.838  3694516590
13265.037  3694516637
13265.548  3694516762
13265.747  3694516809
13266.257  3694516910
13266.458  3694516958
13266.967  3694517070
13267.168  3694517118
13267.678  3694517219
13267.888  3694517266
13268.388  3694517371
13268.588  3694517420
13269.097  3694517529
13269.298  3694517578
13269.807  3694517678
13270.008  3694517726
13270.517  3694517841
13270.718  3694517889
13271.228  3694517997
13271.428  3694518045
13271.9375  3694518148
13272.138  3694518196
13272.647  3694518307
13272.848  3694518355
13273.356  3694518471
13273.559  3694518519
13274.067  3694518635
13274.269  3694518683
13274.777  3694518784
13274.979  3694518832
13275.487  3694518939
13275.688  3694518987
13276.197  3694519091
13276.398  3694519140
13276.907  3694519239
13277.108  3694519286
13277.617  3694519395
13277.818  3694519443
13278.327  3694519544
13278.528  3694519593
13279.037  3694519700
13279.238  3694519749
13279.747  3694519858
13279.949  3694519906
13280.457  3694520014
13280.659  3694520061
13281.167  3694520171
13281.369  3694520219
13281.877  3694520319
13282.079  3694520366
13282.588  3694520468
13282.789  3694520516
13283.297  3694520622
13283.499  3694520671
13284.007  3694520775
13284.209  3694520823
13284.717  3694520937
13284.919  3694520984
13285.428  3694521092
13285.629  3694521140
13286.137  3694521248
13286.369  3694521296
13286.877  3694521404
13287.079  3694521453
13287.587  3694521562
13287.79  3694521611
13288.297  3694521720
13288.5  3694521768
13289.007  3694521869
13289.21  3694521917
13289.717  3694522019
13289.92  3694522068
13290.427  3694522170
13290.63  3694522219
13291.137  3694522322
13291.34  3694522370
13291.847  3694522476
13292.05  3694522524
13292.558  3694522636
13292.76  3694522685
13293.268  3694522791
13293.47  3694522840
13293.978  3694522941
13294.181  3694522990
13294.687  3694523088
13294.891  3694523135
13295.396  3694523234
13295.601  3694523282
13296.106  3694523383
13296.311  3694523432
13296.816  3694523544
13297.0205  3694523591
13297.527  3694523691
13297.73  3694523739
13298.237  3694523847
13298.44  3694523896
13298.947  3694523996
13299.15  3694524045
13299.657  3694524146
13299.86  3694524195
13300.366  3694524296
13300.571  3694524344
13301.077  3694524452
13301.281  3694524500
13301.787  3694524607
13301.991  3694524655
13302.497  3694524761
13302.701  3694524810
13303.207  3694524908
13303.411  3694524956
13303.917  3694525058
13304.121  3694525104
13304.627  3694525213
13304.831  3694525260
13305.337  3694525359
13305.541  3694525408
13306.047  3694525513
13306.252  3694525561
13306.757  3694525664
13306.962  3694525711
13307.467  3694525837
13307.672  3694525884
13308.178  3694525990
13308.382  3694526039
13308.887  3694526152
13309.092  3694526201
13309.597  3694526306
13309.802  3694526354
13310.307  3694526457
13310.512  3694526506
13311.017  3694526610
13311.222  3694526658
13311.727  3694526762
13311.932  3694526811
13312.437  3694526909
13312.642  3694526957
13313.146  3694527058
13313.353  3694527107
13313.856  3694527212
13314.0625  3694527259
13314.566  3694527364
13314.772  3694527413
13315.276  3694527520
13315.482  3694527566
13315.987  3694527670
13316.192  3694527718
13316.696  3694527820
13316.902  3694527867
13317.406  3694527973
13317.612  3694528022
13318.116  3694528136
13318.322  3694528183
13318.826  3694528283
13319.032  3694528331
13319.541  3694528431
13319.743  3694528479
13320.247  3694528578
13320.453  3694528627
13320.956  3694528730
13321.163  3694528777
13321.667  3694528879
13321.873  3694528927
13322.492  3694529028
13322.693  3694529076
13323.197  3694529180
13323.403  3694529228
13323.906  3694529333
13324.113  3694529380
13324.616  3694529489
13324.823  3694529536
13325.327  3694529640
13325.533  3694529688
13326.037  3694529790
13326.243  3694529838
13326.746  3694529939
13326.953  3694529987
13327.457  3694530101
13327.663  3694530149
13328.167  3694530248
13328.373  3694530296
13328.877  3694530402
13329.084  3694530451
13329.587  3694530561
13329.794  3694530609
13330.297  3694530709
13330.504  3694530757
13331.007  3694530868
13331.214  3694530917
13331.717  3694531017
13331.924  3694531065
13332.427  3694531167
13332.634  3694531216
13333.137  3694531319
13333.344  3694531368
13333.847  3694531470
13334.054  3694531518
13334.557  3694531621
13334.764  3694531670
13335.267  3694531777
13335.475  3694531825
13335.978  3694531927
13336.185  3694531975
13336.687  3694532080
13336.895  3694532128
13337.396  3694532235
13337.6045  3694532283
13338.107  3694532409
13338.314  3694532458
13338.818  3694532560
13339.024  3694532609
13339.526  3694532707
13339.734  3694532755
13340.236  3694532859
13340.444  3694532906
13340.946  3694533012
13341.154  3694533061
13341.657  3694533172
13341.865  3694533221
13342.366  3694533327
13342.575  3694533375
13343.076  3694533484
13343.285  3694533533
13343.786  3694533636
13343.995  3694533685
13344.496  3694533804
13344.705  3694533853
13345.207  3694533956
13345.415  3694534004
13345.916  3694534105
13346.125  3694534152
13346.626  3694534254
13346.835  3694534303
13347.337  3694534409
13347.545  3694534457
13348.047  3694534557
13348.256  3694534605
13348.756  3694534712
13348.966  3694534761
13349.467  3694534867
13349.676  3694534915
13350.179  3694535030
13350.386  3694535078
13350.887  3694535186
13351.096  3694535234
13351.597  3694535347
13351.806  3694535395
13352.307  3694535499
13352.516  3694535547
13353.017  3694535651
13353.226  3694535698
13353.727  3694535798
13353.936  3694535845
13354.437  3694535952
13354.646  3694535999
13355.146  3694536103
13355.346  3694536151
13355.856  3694536253
13356.057  3694536301
13356.567  3694536402
13356.776  3694536450
13357.276  3694536553
13357.477  3694536602
13357.986  3694536722
13358.187  3694536771
13358.696  3694536872
13358.896  3694536920
13359.406  3694537020
13359.606  3694537068
13360.116  3694537172
13360.316  3694537220
13360.826  3694537324
13361.026  3694537371
13361.536  3694537475
13361.736  3694537524
13362.246  3694537624
13362.447  3694537672
13362.956  3694537773
13363.157  3694537822
13363.667  3694537922
13363.877  3694537970
13364.377  3694538073
13364.577  3694538122
13365.087  3694538225
13365.287  3694538273
13365.797  3694538382
13365.997  3694538431
13366.507  3694538540
13366.707  3694538587
13367.217  3694538689
13367.417  3694538737
13367.927  3694538844
13368.127  3694538893
13368.636  3694539000
13368.838  3694539048
13369.347  3694539152
13369.548  3694539199
13370.057  3694539302
13370.258  3694539351
13370.766  3694539451
13370.968  3694539499
13371.477  3694539610
13371.678  3694539658
13372.1875  3694539768
13372.388  3694539816
13372.896  3694539922
13373.098  3694539971
13373.606  3694540074
13373.808  3694540122
13374.316  3694540229
13374.518  3694540277
13375.027  3694540386
13375.229  3694540433
13375.736  3694540537
13375.938  3694540586
13376.446  3694540683
13376.648  3694540731
13377.157  3694540834
13377.358  3694540883
13377.866  3694540985
13378.078  3694541033
13378.577  3694541138
13378.778  3694541187
13379.286  3694541288
13379.488  3694541336
13379.996  3694541442
13380.198  3694541489
13380.706  3694541591
13380.908  3694541639
13381.416  3694541745
13381.619  3694541793
13382.126  3694541897
13382.329  3694541945
13382.837  3694542042
13383.039  3694542088
13383.547  3694542191
13383.749  3694542239
13384.257  3694542345
13384.459  3694542393
13384.967  3694542491
13385.169  3694542539
13385.676  3694542642
13385.879  3694542689
13386.387  3694542803
13386.589  3694542851
13387.097  3694542959
13387.299  3694543006
13387.807  3694543112
13388.01  3694543161
13388.516  3694543267
13388.72  3694543316
13389.227  3694543422
13389.43  3694543470
13389.937  3694543581
13390.14  3694543630
13390.646  3694543730
13390.85  3694543779
13391.356  3694543884
13391.56  3694543933
13392.066  3694544045
13392.27  3694544094
13392.775  3694544196
13392.9795  3694544243
13393.486  3694544354
13393.689  3694544402
13394.196  3694544508
13394.399  3694544557
13394.906  3694544661
13395.11  3694544710
13395.616  3694544812
13395.82  3694544861
13396.327  3694544968
13396.53  3694545016
13397.036  3694545126
13397.24  3694545173
13397.746  3694545280
13397.95  3694545325
13398.456  3694545428
13398.66  3694545476
13399.166  3694545583
13399.37  3694545632
13399.876  3694545741
13400.08  3694545789
13400.586  3694545903
13400.79  3694545950
13401.297  3694546052
13401.501  3694546100
13402.007  3694546206
13402.211  3694546254
13402.716  3694546358
13402.921  3694546405
13403.427  3694546514
13403.631  3694546563
13404.137  3694546678
13404.341  3694546726
13404.847  3694546829
13405.051  3694546878
13405.557  3694546987
13405.761  3694547035
13406.267  3694547146
13406.471  3694547195
13406.976  3694547302
13407.181  3694547351
13407.686  3694547453
13407.892  3694547502
13408.396  3694547605
13408.602  3694547653
13409.106  3694547756
13409.312  3694547804
13409.815  3694547911
13410.021  3694547960
13410.526  3694548067
13410.731  3694548115
13411.236  3694548218
13411.441  3694548267
13411.946  3694548374
13412.151  3694548421
13412.656  3694548528
13412.861  3694548575
13413.366  3694548687
13413.571  3694548736
13414.076  3694548839
13414.282  3694548888
13414.786  3694548988
13414.992  3694549037
13415.496  3694549148
13415.702  3694549195
13416.206  3694549294
13416.412  3694549341
13416.916  3694549440
13417.122  3694549489
13417.626  3694549593
13417.832  3694549642
13418.336  3694549751
13418.542  3694549799
13419.046  3694549908
13419.252  3694549954
13419.756  3694550067
13419.962  3694550116
13420.466  3694550231
13420.673  3694550279
13421.176  3694550382
13421.383  3694550430
13421.887  3694550541
13422.093  3694550588
13422.596  3694550689
13422.803  3694550737
13423.307  3694550843
13423.513  3694550891
13424.016  3694550992
13424.223  3694551040
13424.727  3694551147
13424.933  3694551195
13425.4375  3694551306
13425.643  3694551354
13426.1455  3694551452
13426.353  3694551501
13426.856  3694551601
13427.063  3694551650
13427.566  3694551750
13427.773  3694551798
13428.275  3694551900
13428.483  3694551948
13428.986  3694552062
13429.193  3694552110
13429.695  3694552211
13429.903  3694552259
13430.406  3694552366
13430.613  3694552415
13431.116  3694552528
13431.323  3694552575
13431.826  3694552679
13432.033  3694552728
13432.536  3694552829
13432.743  3694552877
13433.246  3694552981
13433.454  3694553030
13433.956  3694553131
13434.164  3694553178
13434.668  3694553293
13434.874  3694553341
13435.376  3694553448
13435.584  3694553496
13436.087  3694553603
13436.294  3694553651
13436.796  3694553753
13437.004  3694553801
13437.506  3694553902
13437.714  3694553950
13438.217  3694554055
13438.424  3694554103
13438.926  3694554206
13439.134  3694554254
13439.636  3694554357
13439.845  3694554405
13440.347  3694554507
13440.555  3694554556
13441.056  3694554660
13441.265  3694554708
13441.766  3694554821
13441.975  3694554870
13442.476  3694554981
13442.685  3694555029
13443.187  3694555141
13443.395  3694555188
13443.896  3694555291
13444.1045  3694555340
13444.606  3694555454
13444.814  3694555501
13445.316  3694555607
13445.524  3694555655
13446.025  3694555764
13446.235  3694555813
13446.736  3694555916
13446.945  3694555965
13447.446  3694556078
13447.655  3694556127
13448.155  3694556237
13448.365  3694556286
13448.865  3694556400
13449.065  3694556449
13449.576  3694556559
13449.785  3694556608
13450.286  3694556708
13450.495  3694556757
13450.996  3694556867
13451.195  3694556916
13451.706  3694557020
13451.915  3694557068
13452.416  3694557165
13452.615  3694557214
13453.126  3694557318
13453.336  3694557367
13453.836  3694557472
13454.036  3694557521
13454.546  3694557622
13454.746  3694557671
13455.256  3694557783
13455.456  3694557832
13455.966  3694557940
13456.166  3694557988
13456.677  3694558092
13456.876  3694558141
13457.386  3694558246
13457.586  3694558295
13458.096  3694558399
13458.296  3694558447
13458.806  3694558557
13459.006  3694558606
13459.516  3694558717
13459.716  3694558763
13460.226  3694558872
13460.427  3694558920
13460.937  3694559018
13461.137  3694559067
13461.6455  3694559168
13461.847  3694559217
13462.356  3694559317
13462.557  3694559364
13463.065  3694559469
13463.267  3694559517
13463.776  3694559625
13463.977  3694559674
13464.486  3694559788
13464.687  3694559836
13465.196  3694559944
13465.396  3694559993
13465.905  3694560107
13466.106  3694560156
13466.617  3694560261
13466.827  3694560309
13467.326  3694560420
13467.527  3694560469
13468.037  3694560569
13468.247  3694560617
13468.745  3694560721
13468.947  3694560769
13469.455  3694560867
13469.657  3694560915
13470.166  3694561030
13470.367  3694561078
13470.875  3694561187
13471.077  3694561235
13471.586  3694561334
13471.787  3694561383
13472.296  3694561486
13472.497  3694561535
13473.006  3694561638
13473.207  3694561687
13473.718  3694561794
13473.918  3694561843
13474.426  3694561954
13474.628  3694562003
13475.136  3694562109
13475.348  3694562157
13475.856  3694562262
13476.058  3694562309
13476.565  3694562416
13476.768  3694562465
13477.275  3694562564
13477.478  3694562611
13477.986  3694562709
13478.1875  3694562757
13478.695  3694562861
13478.898  3694562910
13479.405  3694563024
13479.608  3694563072
13480.116  3694563176
13480.318  3694563225
13480.826  3694563332
13481.028  3694563381
13481.536  3694563485
13481.738  3694563532
13482.246  3694563637
13482.448  3694563686
13482.956  3694563797
13483.158  3694563846
13483.666  3694563947
13483.868  3694563994
13484.376  3694564099
13484.578  3694564146
13485.086  3694564247
13485.289  3694564296
13485.796  3694564405
13485.999  3694564453
13486.506  3694564561
13486.709  3694564609
13487.217  3694564724
13487.419  3694564771
13487.926  3694564869
13488.129  3694564917
13488.636  3694565025
13488.839  3694565074
13489.346  3694565182
13489.549  3694565230
13490.056  3694565341
13490.259  3694565388
13490.766  3694565496
13490.97  3694565544
13491.632  3694565649
13491.839  3694565698
13492.346  3694565814
13492.55  3694565862
13493.056  3694565967
13493.26  3694566014
13493.766  3694566118
13493.97  3694566166
13494.477  3694566279
13494.68  3694566328
13495.186  3694566436
13495.39  3694566483
13495.8955  3694566592
13496.1  3694566641
13496.606  3694566767
13496.81  3694566816
13497.315  3694566919
13497.52  3694566967
13498.026  3694567072
13498.2295  3694567121
13498.735  3694567221
13498.94  3694567269
13499.446  3694567374
13499.65  3694567422
13500.156  3694567524
13500.36  3694567573
13500.866  3694567678
13501.07  3694567725
13501.575  3694567838
13501.78  3694567886
13502.285  3694567986
13502.49  3694568034
13502.996  3694568134
13503.2  3694568183
13503.706  3694568288
13503.91  3694568337
13504.415  3694568443
13504.62  3694568492
13505.126  3694568593
13505.331  3694568642
13505.836  3694568749
13506.041  3694568796
13506.546  3694568904
13506.751  3694568953
13507.256  3694569059
13507.461  3694569108
13507.966  3694569208
13508.171  3694569257
13508.676  3694569369
13508.881  3694569416
13509.386  3694569516
13509.591  3694569564
13510.096  3694569674
13510.301  3694569722
13510.852  3694569822
13511.071  3694569871
13511.566  3694569976
13511.771  3694570023
13512.276  3694570134
13512.481  3694570183
13512.985  3694570296
13513.191  3694570343
13513.695  3694570451
13513.901  3694570499
13514.405  3694570604
13514.611  3694570652
13515.115  3694570753
13515.321  3694570801
13515.826  3694570906
13516.031  3694570954
13516.537  3694571057
13516.742  3694571104
13517.245  3694571216
13517.452  3694571265
13517.955  3694571378
13518.162  3694571426
13518.665  3694571537
13518.872  3694571586
13519.376  3694571696
13519.582  3694571742
13520.085  3694571844
13520.292  3694571892
13520.796  3694571995
13521.002  3694572044
13521.506  3694572143
13521.712  3694572191
13522.216  3694572294
13522.422  3694572342
13522.926  3694572452
13523.133  3694572500
13523.636  3694572605
13523.843  3694572653
13524.346  3694572765
13524.553  3694572814
13525.056  3694572914
13525.263  3694572962
13525.766  3694573075
13525.973  3694573124
13526.476  3694573223
13526.683  3694573271
13527.185  3694573372
13527.393  3694573421
13527.8955  3694573521
13528.103  3694573569
13528.605  3694573678
13528.8125  3694573726
13529.315  3694573826
13529.523  3694573874
13530.026  3694573980
13530.233  3694574029
13530.735  3694574132
13530.943  3694574181
13531.445  3694574283
13531.653  3694574331
13532.155  3694574432
13532.363  3694574478
13532.865  3694574582
13533.073  3694574630
13533.576  3694574733
13533.783  3694574782
13534.286  3694574887
13534.493  3694574934
13534.996  3694575046
13535.203  3694575094
13535.705  3694575211
13535.913  3694575259
13536.416  3694575376
13536.624  3694575424
13537.125  3694575523
13537.334  3694575570
13537.836  3694575675
13538.044  3694575724
13538.546  3694575827
13538.754  3694575874
13539.256  3694575983
13539.464  3694576032
13539.966  3694576139
13540.174  3694576187
13540.676  3694576296
13540.884  3694576344
13541.386  3694576447
13541.594  3694576494
13542.096  3694576595
13542.304  3694576642
13542.806  3694576754
13543.015  3694576803
13543.516  3694576909
13543.725  3694576957
13544.226  3694577058
13544.435  3694577106
13544.936  3694577218
13545.145  3694577267
13545.6455  3694577373
13545.8545  3694577421
13546.355  3694577532
13546.564  3694577580
13547.065  3694577685
13547.274  3694577732
13547.775  3694577830
13547.975  3694577877
13548.485  3694577978
13548.685  3694578026
13549.195  3694578128
13549.395  3694578177
13549.905  3694578279
13550.115  3694578327
13550.615  3694578443
13550.825  3694578492
13551.325  3694578597
13551.535  3694578646
13552.035  3694578748
13552.235  3694578797
13552.745  3694578897
13552.945  3694578944
13553.455  3694579055
13553.655  3694579104
13554.165  3694579218
13554.365  3694579266
13554.875  3694579371
13555.075  3694579419
13555.586  3694579518
13555.785  3694579565
13556.295  3694579669
13556.495  3694579718
13557.005  3694579826
13557.206  3694579874
13557.715  3694579976
13557.916  3694580025
13558.425  3694580128
13558.626  3694580177
13559.135  3694580288
13559.336  3694580336
13559.846  3694580454
13560.046  3694580503
13560.555  3694580616
13560.756  3694580664
13561.266  3694580765
13561.466  3694580813
13561.976  3694580920
13562.176  3694580969
13562.686  3694581086
13562.887  3694581135
13563.3955  3694581239
13563.597  3694581288
13564.105  3694581395
13564.307  3694581442
13564.815  3694581546
13565.017  3694581594
13565.525  3694581705
13565.727  3694581754
13566.381  3694581857
13566.587  3694581905
13567.096  3694582007
13567.297  3694582055
13567.806  3694582155
13568.007  3694582202
13568.515  3694582311
13568.717  3694582359
13569.225  3694582472
13569.427  3694582519
13569.936  3694582620
13570.137  3694582667
13570.6455  3694582778
13570.847  3694582826
13571.355  3694582934
13571.557  3694582983
13572.065  3694583081
13572.267  3694583129
13572.775  3694583233
13572.978  3694583281
13573.484  3694583380
13573.6875  3694583428
13574.195  3694583535
13574.397  3694583584
13574.905  3694583687
13575.107  3694583735
13575.615  3694583847
13575.817  3694583895
13576.325  3694584000
13576.527  3694584048
13577.035  3694584153
13577.237  3694584201
13577.746  3694584310
13577.947  3694584358
13578.455  3694584459
13578.657  3694584506
13579.165  3694584612
13579.368  3694584660
13579.876  3694584768
13580.078  3694584817
13580.586  3694584929
13580.788  3694584978
13581.295  3694585083
13581.498  3694585131
13582.005  3694585247
13582.208  3694585295
13582.716  3694585396
13582.918  3694585445
13583.425  3694585548
13583.628  3694585596
13584.136  3694585699
13584.338  3694585748
13584.846  3694585862
13585.048  3694585910
13585.556  3694586014
13585.759  3694586062
13586.265  3694586168
13586.469  3694586217
13586.976  3694586329
13587.179  3694586378
13587.686  3694586483
13587.889  3694586532
13588.395  3694586634
13588.599  3694586682
13589.105  3694586784
13589.309  3694586832
13589.817  3694586934
13590.019  3694586982
13590.525  3694587093
13590.729  3694587142
13591.234  3694587251
13591.438  3694587299
13591.945  3694587407
13592.149  3694587455
13592.655  3694587567
13592.859  3694587616
13593.365  3694587724
13593.569  3694587773
13594.074  3694587883
13594.279  3694587930
13594.785  3694588036
13594.989  3694588085
13595.495  3694588187
13595.699  3694588234
13596.205  3694588341
13596.409  3694588390
13596.914  3694588499
13597.119  3694588548
13597.625  3694588648
13597.829  3694588695
13598.335  3694588820
13598.54  3694588869
13599.045  3694588973
13599.25  3694589021
13599.756  3694589124
13599.96  3694589172
13600.465  3694589281
13600.67  3694589329
13601.175  3694589438
13601.38  3694589486
13601.886  3694589591
13602.09  3694589638
13602.596  3694589739
13602.8  3694589787
13603.305  3694589891
13603.51  3694589940
13604.015  3694590048
13604.22  3694590096
13604.725  3694590203
13604.931  3694590252
13605.435  3694590357
13605.641  3694590405
13606.146  3694590513
13606.351  3694590560
13606.8545  3694590665
13607.061  3694590713
13607.564  3694590824
13607.7705  3694590871
13608.275  3694590976
13608.48  3694591025
13608.985  3694591128
13609.19  3694591175
13609.695  3694591280
13609.9  3694591328
13610.405  3694591435
13610.61  3694591483
13611.115  3694591589
13611.321  3694591638
13611.825  3694591748
13612.031  3694591797
13612.534  3694591899
13612.741  3694591948
13613.245  3694592057
13613.451  3694592105
13613.955  3694592207
13614.161  3694592255
13614.667  3694592365
13614.871  3694592414
13615.375  3694592515
13615.581  3694592564
13616.085  3694592682
13616.291  3694592730
13616.795  3694592838
13617.001  3694592886
13617.505  3694592986
13617.712  3694593035
13618.215  3694593143
13618.422  3694593191
13618.926  3694593299
13619.132  3694593347
13619.635  3694593458
13619.842  3694593506
13620.345  3694593607
13620.552  3694593655
13621.055  3694593760
13621.262  3694593809
13621.765  3694593911
13621.972  3694593960
13622.475  3694594069
13622.682  3694594116
13623.185  3694594223
13623.392  3694594272
13623.895  3694594378
13624.103  3694594427
13624.6045  3694594535
13624.8125  3694594583
13625.315  3694594686
13625.522  3694594734
13626.024  3694594841
13626.232  3694594890
13626.735  3694594989
13626.942  3694595038
13627.445  3694595148
13627.652  3694595195
13628.154  3694595310
13628.362  3694595357
13628.864  3694595462
13629.072  3694595510
13629.575  3694595611
13629.782  3694595659
13630.285  3694595763
13630.493  3694595810
13630.995  3694595935
13631.203  3694595982
13631.705  3694596082
13631.913  3694596131
13632.415  3694596238
13632.623  3694596286
13633.125  3694596386
13633.333  3694596433
13633.835  3694596533
13634.043  3694596580
13634.545  3694596687
13634.753  3694596735
13635.255  3694596841
13635.463  3694596890
13635.965  3694596993
13636.173  3694597042
13636.675  3694597148
13636.884  3694597195
13637.385  3694597296
13637.594  3694597345
13638.095  3694597451
13638.304  3694597499
13638.805  3694597612
13639.014  3694597661
13639.515  3694597761
13639.724  3694597808
13640.225  3694597918
13640.434  3694597967
13640.935  3694598070
13641.144  3694598118
13641.645  3694598226
13641.854  3694598272
13642.355  3694598371
13642.563  3694598420
13643.064  3694598531
13643.274  3694598580
13643.774  3694598680
13643.984  3694598729
13644.484  3694598830
13644.694  3694598876
13645.195  3694598977
13645.404  3694599025
13646.05  3694599129
13646.254  3694599178
13646.755  3694599284
13646.954  3694599332
13647.465  3694599438
13647.675  3694599486
13648.176  3694599596
13648.385  3694599645
13648.885  3694599750
13649.085  3694599799
13649.595  3694599905
13649.795  3694599954
13650.305  3694600057
13650.515  3694600105
13651.015  3694600206
13651.215  3694600254
13651.725  3694600359
13651.925  3694600408
13652.435  3694600511
13652.635  3694600559
13653.145  3694600660
13653.345  3694600709
13653.8545  3694600822
13654.055  3694600870
13654.564  3694600976
13654.765  3694601024
13655.275  3694601124
13655.476  3694601172
13655.984  3694601273
13656.186  3694601321
13656.695  3694601425
13656.8955  3694601474
13657.405  3694601582
13657.605  3694601629
13658.114  3694601731
13658.315  3694601779
13658.824  3694601888
13659.025  3694601937
13659.535  3694602042
13659.735  3694602090
13660.244  3694602201
13660.456  3694602249
13660.956  3694602363
13661.155  3694602411
13661.664  3694602517
13661.866  3694602563
13662.374  3694602671
13662.576  3694602719
13663.084  3694602830
13663.286  3694602878
13663.795  3694602990
13663.996  3694603038
13664.505  3694603149
13664.706  3694603196
13665.215  3694603298
13665.416  3694603346
13665.925  3694603457
13666.126  3694603504
13666.773  3694603607
13666.977  3694603654
13667.485  3694603765
13667.687  3694603814
13668.194  3694603916
13668.396  3694603965
13668.904  3694604069
13669.106  3694604118
13669.615  3694604230
13669.816  3694604279
13670.325  3694604388
13670.526  3694604436
13671.035  3694604546
13671.236  3694604595
13671.744  3694604709
13671.946  3694604757
13672.455  3694604862
13672.657  3694604910
13673.164  3694605025
13673.367  3694605072
13673.875  3694605175
13674.077  3694605224
13674.585  3694605340
13674.787  3694605387
13675.295  3694605487
13675.497  3694605534
13676.005  3694605639
13676.207  3694605687
13676.715  3694605788
13676.917  3694605835
13677.425  3694605948
13677.627  3694605996
13678.134  3694606098
13678.337  3694606145
13678.845  3694606249
13679.048  3694606297
13679.555  3694606398
13679.758  3694606445
13680.266  3694606544
13680.468  3694606592
13680.976  3694606691
13681.178  3694606738
13681.686  3694606844
13681.888  3694606892
13682.395  3694606998
13682.598  3694607047
13683.1045  3694607154
13683.308  3694607202
13683.815  3694607301
13684.018  3694607349
13684.525  3694607455
13684.729  3694607504
13685.234  3694607611
13685.438  3694607659
13685.944  3694607764
13686.148  3694607813
13686.654  3694607915
13686.858  3694607962
13687.364  3694608064
13687.568  3694608113
13688.075  3694608214
13688.278  3694608263
13688.784  3694608363
13688.988  3694608410
13689.495  3694608514
13689.698  3694608561
13690.204  3694608669
13690.408  3694608717
13690.914  3694608831
13691.118  3694608879
13691.625  3694608986
13691.829  3694609033
13692.334  3694609139
13692.539  3694609188
13693.046  3694609290
13693.249  3694609338
13693.754  3694609437
13693.959  3694609484
13694.465  3694609586
13694.669  3694609633
13695.174  3694609736
13695.379  3694609784
13695.885  3694609901
13696.089  3694609949
13696.596  3694610061
13696.799  3694610109
13697.305  3694610217
13697.509  3694610265
13698.015  3694610366
13698.22  3694610414
13698.725  3694610524
13698.93  3694610573
13699.435  3694610673
13699.64  3694610721
13700.145  3694610834
13700.35  3694610883
13700.8545  3694610993
13701.06  3694611041
13701.564  3694611146
13701.77  3694611193
13702.275  3694611299
13702.4795  3694611348
13702.984  3694611462
13703.189  3694611510
13703.694  3694611610
13703.899  3694611657
13704.404  3694611759
13704.61  3694611806
13705.114  3694611914
13705.32  3694611963
13705.824  3694612066
13706.03  3694612114
13706.535  3694612217
13706.74  3694612266
13707.244  3694612367
13707.45  3694612415
13707.954  3694612527
13708.16  3694612575
13708.665  3694612681
13708.87  3694612729
13709.374  3694612848
13709.58  3694612897
13710.085  3694613002
13710.29  3694613049
13710.795  3694613152
13711.0  3694613201
13711.504  3694613309
13711.711  3694613358
13712.215  3694613465
13712.421  3694613513
13712.924  3694613612
13713.131  3694613661
13713.634  3694613768
13713.841  3694613817
13714.345  3694613920
13714.551  3694613967
13715.054  3694614073
13715.261  3694614122
13715.765  3694614230
13715.971  3694614278
13716.474  3694614386
13716.681  3694614435
13717.185  3694614544
13717.391  3694614592
13717.895  3694614698
13718.102  3694614747
13718.6045  3694614854
13718.812  3694614901
13719.314  3694615005
13719.521  3694615052
13720.024  3694615161
13720.231  3694615209
13720.734  3694615307
13720.941  3694615355
13721.444  3694615461
13721.651  3694615509
13722.154  3694615615
13722.361  3694615663
13722.864  3694615773
13723.071  3694615822
13723.575  3694615925
13723.781  3694615974
13724.284  3694616088
13724.492  3694616136
13724.994  3694616239
13725.202  3694616287
13725.704  3694616397
13725.912  3694616446
13726.415  3694616552
13726.622  3694616601
13727.124  3694616705
13727.332  3694616752
13727.834  3694616870
13728.042  3694616917
13728.546  3694617020
13728.752  3694617068
13729.254  3694617180
13729.462  3694617228
13729.964  3694617337
13730.172  3694617385
13730.675  3694617502
13730.883  3694617551
13731.385  3694617652
13731.593  3694617701
13732.096  3694617813
13732.303  3694617861
13732.805  3694617960
13733.013  3694618008
13733.515  3694618110
13733.723  3694618158
13734.226  3694618259
13734.433  3694618307
13734.936  3694618408
13735.143  3694618455
13735.644  3694618564
13735.853  3694618613
13736.3545  3694618722
13736.5625  3694618769
13737.064  3694618873
13737.273  3694618921
13737.774  3694619028
13737.983  3694619076
13738.484  3694619196
13738.693  3694619243
13739.194  3694619346
13739.403  3694619393
13739.904  3694619502
13740.113  3694619551
13740.614  3694619656
13740.813  3694619704
13741.324  3694619806
13741.533  3694619854
13742.033  3694619961
13742.233  3694620009
13742.744  3694620112
13742.954  3694620161
13743.459  3694620264
13743.664  3694620311
13744.164  3694620424
13744.374  3694620471
13744.874  3694620573
13745.074  3694620620
13745.585  3694620730
13745.794  3694620779
13746.294  3694620882
13746.494  3694620931
13747.005  3694621039
13747.204  3694621087
13747.715  3694621198
13747.914  3694621247
13748.425  3694621351
13748.634  3694621399
13749.134  3694621509
13749.334  3694621557
13749.845  3694621667
13750.055  3694621716
13750.554  3694621823
13750.754  3694621872
13751.265  3694621985
13751.465  3694622034
13751.974  3694622139
13752.175  3694622186
13752.686  3694622285
13752.885  3694622333
13753.394  3694622431
13753.595  3694622480
13754.1045  3694622584
13754.305  3694622632
13754.813  3694622737
13755.015  3694622785
13755.524  3694622901
13755.725  3694622949
13756.234  3694623059
13756.435  3694623107
13756.946  3694623218
13757.155  3694623266
13757.654  3694623372
13757.855  3694623419
13758.364  3694623522
13758.565  3694623570
13759.074  3694623671
13759.275  3694623719
13759.784  3694623819
13759.985  3694623868
13760.494  3694623975
13760.695  3694624024
13761.204  3694624133
13761.405  3694624182
13761.914  3694624288
13762.115  3694624337
13762.624  3694624441
13762.825  3694624490
13763.334  3694624590
13763.535  3694624638
13764.044  3694624741
13764.246  3694624790
13764.754  3694624900
13764.956  3694624949
13765.464  3694625051
13765.666  3694625099
13766.175  3694625208
13766.376  3694625254
13766.884  3694625352
13767.086  3694625400
13767.595  3694625501
13767.796  3694625550
13768.305  3694625656
13768.506  3694625703
13769.015  3694625803
13769.216  3694625851
13769.725  3694625961
13769.926  3694626010
13770.435  3694626114
13770.637  3694626162
13771.144  3694626266
13771.347  3694626315
13771.8545  3694626421
13772.057  3694626470
13772.564  3694626577
13772.767  3694626626
13773.274  3694626727
13773.477  3694626774
13773.984  3694626874
13774.187  3694626922
13774.694  3694627024
13774.896  3694627072
13775.403  3694627176
13775.606  3694627224
13776.114  3694627331
13776.316  3694627380
13776.824  3694627487
13777.027  3694627535
13777.534  3694627643
13777.737  3694627691
13778.243  3694627795
13778.447  3694627844
13778.954  3694627948
13779.157  3694627996
13779.664  3694628105
13779.867  3694628154
13780.374  3694628261
13780.577  3694628309
13781.085  3694628422
13781.287  3694628471
13781.794  3694628571
13781.997  3694628620
13782.504  3694628726
13782.707  3694628772
13783.214  3694628876
13783.418  3694628925
13783.924  3694629032
13784.128  3694629081
13784.634  3694629198
13784.838  3694629245
13785.344  3694629358
13785.548  3694629405
13786.054  3694629511
13786.258  3694629558
13786.765  3694629664
13786.968  3694629713
13787.475  3694629812
13787.678  3694629860
13788.185  3694629971
13788.388  3694630020
13788.896  3694630126
13789.098  3694630175
13789.6045  3694630282
13789.808  3694630330
13790.313  3694630435
13790.519  3694630482
13791.024  3694630588
13791.229  3694630637
13791.734  3694630738
13791.938  3694630785
13792.443  3694630887
13792.648  3694630935
13793.154  3694631040
13793.358  3694631088
13793.864  3694631192
13794.068  3694631241
13794.573  3694631352
13794.778  3694631401
13795.284  3694631507
13795.488  3694631556
13795.994  3694631660
13796.198  3694631709
13796.704  3694631811
13796.909  3694631860
13797.414  3694631959
13797.619  3694632007
13798.124  3694632119
13798.329  3694632165
13798.834  3694632262
13799.039  3694632310
13799.544  3694632407
13799.749  3694632455
13800.254  3694632565
13800.459  3694632614
13800.964  3694632720
13801.169  3694632768
13801.674  3694632869
13801.879  3694632917
13802.384  3694633020
13802.589  3694633068
13803.094  3694633181
13803.3  3694633230
13803.805  3694633342
13804.01  3694633391
13804.514  3694633497
13804.72  3694633546
13805.224  3694633651
13805.43  3694633700
13805.934  3694633804
13806.14  3694633853
13806.644  3694633957
13806.85  3694634004
13807.354  3694634110
13807.56  3694634159
13808.063  3694634266
13808.27  3694634313
13808.773  3694634415
13808.9795  3694634463
13809.483  3694634572
13809.69  3694634620
13810.25  3694634723
13810.47  3694634771
13810.964  3694634879
13811.17  3694634927
13811.674  3694635035
13811.88  3694635082
13812.384  3694635187
13812.59  3694635235
13813.094  3694635336
13813.301  3694635385
13813.804  3694635497
13814.011  3694635545
13814.514  3694635650
13814.721  3694635699
13815.224  3694635798
13815.431  3694635846
13815.934  3694635944
13816.141  3694635993
13816.644  3694636095
13816.851  3694636144
13817.354  3694636244
13817.561  3694636292
13818.063  3694636393
13818.2705  3694636440
13818.773  3694636547
13818.98  3694636594
13819.483  3694636704
13819.691  3694636751
13820.194  3694636857
13820.401  3694636906
13820.903  3694637020
13821.111  3694637067
13821.613  3694637180
13821.821  3694637229
13822.323  3694637342
13822.531  3694637391
13823.033  3694637493
13823.241  3694637542
13823.744  3694637647
13823.951  3694637696
13824.454  3694637798
13824.661  3694637847
13825.164  3694637949
13825.371  3694637997
13825.874  3694638117
13826.082  3694638164
13826.584  3694638262
13826.792  3694638311
13827.293  3694638419
13827.502  3694638466
13828.004  3694638570
13828.212  3694638618
13828.714  3694638722
13828.922  3694638770
13829.424  3694638878
13829.632  3694638927
13830.134  3694639029
13830.342  3694639077
13830.844  3694639180
13831.052  3694639228
13831.554  3694639332
13831.762  3694639380
13832.264  3694639483
13832.473  3694639532
13832.974  3694639633
13833.183  3694639680
13833.684  3694639780
13833.893  3694639829
13834.394  3694639943
13834.603  3694639991
13835.104  3694640093
13835.3125  3694640142
13835.813  3694640248
13836.022  3694640296
13836.524  3694640407
13836.732  3694640455
13837.233  3694640557
13837.442  3694640605
13837.943  3694640715
13838.152  3694640761
13838.653  3694640868
13838.853  3694640916
13839.364  3694641017
13839.573  3694641065
13840.073  3694641173
13840.283  3694641222
13840.783  3694641321
13840.983  3694641370
13841.494  3694641474
13841.703  3694641523
13842.203  3694641634
13842.403  3694641682
13842.914  3694641784
13843.113  3694641832
13843.769  3694641939
13843.974  3694641987
13844.483  3694642098
13844.693  3694642147
13845.194  3694642254
13845.403  3694642301
13845.904  3694642408
13846.113  3694642455
13846.614  3694642558
13846.813  3694642606
13847.323  3694642704
13847.523  3694642753
13848.033  3694642866
13848.233  3694642914
13848.743  3694643024
13848.943  3694643071
13849.454  3694643179
13849.654  3694643227
13850.163  3694643328
13850.364  3694643377
13850.874  3694643483
13851.084  3694643531
13851.584  3694643640
13851.784  3694643689
13852.294  3694643796
13852.494  3694643844
13853.004  3694643948
13853.214  3694643997
13853.714  3694644107
13853.914  3694644156
13854.424  3694644266
13854.624  3694644312
13855.134  3694644421
13855.334  3694644469
13855.843  3694644578
13856.045  3694644627
13856.554  3694644746
13856.755  3694644795
13857.264  3694644901
13857.465  3694644947
13857.974  3694645048
13858.175  3694645096
13858.684  3694645206
13858.885  3694645254
13859.394  3694645353
13859.595  3694645402
13860.104  3694645504
13860.305  3694645553
13860.813  3694645663
13861.015  3694645710
13861.676  3694645815
13861.885  3694645863
13862.383  3694645967
13862.585  3694646015
13863.094  3694646118
13863.295  3694646165
13863.804  3694646276
13864.005  3694646324
13864.514  3694646430
13864.716  3694646478
13865.224  3694646582
13865.426  3694646629
13865.934  3694646736
13866.136  3694646783
13866.644  3694646896
13866.846  3694646944
13867.354  3694647047
13867.556  3694647095
13868.063  3694647207
13868.266  3694647254
13868.773  3694647353
13868.976  3694647400
13869.483  3694647505
13869.686  3694647554
13870.193  3694647657
13870.3955  3694647706
13870.903  3694647811
13871.105  3694647859
13871.614  3694647969
13871.816  3694648017
13872.323  3694648124
13872.526  3694648173
13873.033  3694648278
13873.236  3694648325
13873.743  3694648424
13873.946  3694648471
13874.453  3694648572
13874.656  3694648620
13875.163  3694648721
13875.366  3694648769
13875.873  3694648872
13876.076  3694648920
13876.584  3694649028
13876.786  3694649076
13877.293  3694649183
13877.496  3694649232
13878.004  3694649334
13878.207  3694649382
13878.717  3694649493
13878.917  3694649541
13879.424  3694649659
13879.627  3694649708
13880.134  3694649808
13880.337  3694649856
13880.843  3694649959
13881.047  3694650007
13881.554  3694650106
13881.757  3694650155
13882.264  3694650263
13882.467  3694650311
13882.975  3694650420
13883.177  3694650468
13883.684  3694650573
13883.887  3694650621
13884.394  3694650721
13884.598  3694650770
13885.104  3694650871
13885.308  3694650919
13885.8125  3694651019
13886.018  3694651067
13886.523  3694651172
13886.728  3694651219
13887.233  3694651328
13887.4375  3694651377
13887.943  3694651484
13888.147  3694651532
13888.653  3694651640
13888.857  3694651688
13889.363  3694651792
13889.567  3694651841
13890.073  3694651944
13890.277  3694651992
13890.783  3694652098
13890.988  3694652147
13891.493  3694652261
13891.698  3694652309
13892.204  3694652417
13892.408  3694652464
13892.913  3694652573
13893.118  3694652620
13893.623  3694652727
13893.828  3694652774
13894.333  3694652880
13894.538  3694652929
13895.043  3694653037
13895.248  3694653086
13895.754  3694653187
13895.958  3694653233
13896.464  3694653337
13896.668  3694653383
13897.173  3694653494
13897.379  3694653543
13897.884  3694653651
13898.089  3694653700
13898.594  3694653803
13898.799  3694653852
13899.303  3694653969
13899.509  3694654016
13900.014  3694654115
13900.219  3694654163
13900.724  3694654278
13900.929  3694654327
13901.433  3694654438
13901.639  3694654487
13902.144  3694654597
13902.349  3694654646
13902.854  3694654754
13903.059  3694654802
13903.563  3694654911
13903.77  3694654960
13904.273  3694655067
13904.4795  3694655112
13904.983  3694655212
13905.189  3694655261
13905.693  3694655371
13905.899  3694655419
13906.403  3694655528
13906.609  3694655574
13907.113  3694655678
13907.319  3694655727
13907.823  3694655833
13908.029  3694655881
13908.533  3694655987
13908.739  3694656036
13909.243  3694656147
13909.449  3694656194
13909.953  3694656298
13910.16  3694656345
13910.663  3694656448
13910.87  3694656495
13911.373  3694656600
13911.58  3694656647
13912.083  3694656752
13912.29  3694656799
13912.793  3694656903
13913.0  3694656951
13913.503  3694657049
13913.71  3694657097
13914.213  3694657206
13914.42  3694657254
13914.923  3694657359
13915.13  3694657407
13915.633  3694657509
13915.84  3694657557
13916.343  3694657659
13916.551  3694657708
13917.054  3694657810
13917.261  3694657858
13917.764  3694657966
13917.971  3694658014
13918.473  3694658124
13918.681  3694658172
13919.183  3694658275
13919.391  3694658324
13919.893  3694658442
13920.101  3694658491
13920.604  3694658590
13920.811  3694658639
13921.313  3694658739
13921.5205  3694658786
13922.022  3694658894
13922.23  3694658943
13922.733  3694659046
13922.941  3694659093
13923.444  3694659194
13923.651  3694659243
13924.153  3694659353
13924.361  3694659400
13924.862  3694659508
13925.071  3694659556
13925.573  3694659653
13925.781  3694659701
13926.283  3694659800
13926.491  3694659849
13926.993  3694659960
13927.201  3694660008
13927.703  3694660107
13927.911  3694660156
13928.413  3694660260
13928.621  3694660309
13929.123  3694660411
13929.332  3694660460
13930.145  3694660562
13930.352  3694660611
13930.854  3694660715
13931.062  3694660764
13931.5625  3694660866
13931.771  3694660914
13932.272  3694661014
13932.481  3694661059
13932.982  3694661167
13933.192  3694661216
13933.693  3694661320
13933.902  3694661367
13934.403  3694661466
13934.612  3694661514
13935.113  3694661620
13935.322  3694661668
13935.823  3694661781
13936.032  3694661829
13936.533  3694661932
13936.732  3694661981
13937.243  3694662088
13937.452  3694662137
13937.953  3694662236
13938.162  3694662283
13938.664  3694662392
13938.872  3694662441
13939.374  3694662553
13939.583  3694662601
13940.086  3694662708
13940.293  3694662756
13940.793  3694662858
13940.993  3694662907
13941.503  3694663014
13941.713  3694663063
13942.213  3694663167
13942.413  3694663214
13942.923  3694663310
13943.123  3694663357
13943.633  3694663467
13943.833  3694663515
13944.343  3694663614
13944.543  3694663663
13945.053  3694663765
13945.253  3694663814
13945.763  3694663914
13945.963  3694663961
13946.473  3694664066
13946.673  3694664114
13947.184  3694664214
13947.384  3694664262
13947.893  3694664361
13948.094  3694664409
13948.603  3694664515
13948.804  3694664564
13949.3125  3694664665
13949.514  3694664713
13950.022  3694664821
13950.224  3694664870
13950.732  3694664968
13950.934  3694665017
13951.442  3694665118
13951.644  3694665167
13952.153  3694665269
13952.354  3694665317
13952.863  3694665423
13953.063  3694665470
13953.573  3694665578
13953.774  3694665627
13954.283  3694665736
13954.484  3694665785
13954.993  3694665884
13955.194  3694665932
13955.704  3694666046
13955.924  3694666095
13956.424  3694666204
13956.624  3694666252
13957.133  3694666360
13957.334  3694666409
13957.843  3694666536
13958.044  3694666584
13958.553  3694666686
13958.755  3694666734
13959.264  3694666841
13959.465  3694666889
13959.974  3694666998
13960.175  3694667046
13960.685  3694667151
13960.895  3694667200
13961.393  3694667310
13961.595  3694667358
13962.103  3694667468
13962.305  3694667515
13962.813  3694667623
13963.015  3694667671
13963.522  3694667774
13963.725  3694667823
13964.232  3694667937
13964.435  3694667985
13964.943  3694668098
13965.1455  3694668146
13965.652  3694668259
13965.855  3694668306
13966.363  3694668408
13966.565  3694668457
13967.072  3694668559
13967.275  3694668607
13967.783  3694668727
13967.985  3694668775
13968.493  3694668877
13968.695  3694668926
13969.203  3694669028
13969.405  3694669077
13969.912  3694669186
13970.115  3694669234
13970.623  3694669342
13970.825  3694669391
13971.333  3694669496
13971.536  3694669545
13972.043  3694669655
13972.246  3694669704
13972.753  3694669814
13972.956  3694669861
13973.463  3694669967
13973.666  3694670015
13974.173  3694670118
13974.376  3694670165
13974.883  3694670268
13975.086  3694670317
13975.593  3694670421
13975.796  3694670470
13976.303  3694670591
13976.506  3694670638
13977.013  3694670741
13977.216  3694670789
13977.724  3694670894
13977.927  3694670942
13978.433  3694671044
13978.637  3694671093
13979.143  3694671190
13979.347  3694671237
13979.853  3694671342
13980.057  3694671390
13980.5625  3694671499
13980.767  3694671548
13981.272  3694671656
13981.477  3694671704
13981.982  3694671807
13982.187  3694671856
13982.692  3694671967
13982.896  3694672015
13983.403  3694672114
13983.606  3694672163
13984.113  3694672272
13984.317  3694672321
13984.822  3694672432
13985.027  3694672481
13985.534  3694672587
13985.737  3694672636
13986.243  3694672735
13986.447  3694672782
13986.952  3694672889
13987.157  3694672937
13987.664  3694673043
13987.867  3694673092
13988.383  3694673193
13988.587  3694673242
13989.093  3694673350
13989.298  3694673399
13989.803  3694673502
13990.008  3694673550
13990.513  3694673662
13990.718  3694673711
13991.227  3694673817
13991.428  3694673865
13991.933  3694673968
13992.138  3694674016
13992.644  3694674117
13992.848  3694674165
13993.353  3694674266
13993.558  3694674315
13994.0625  3694674419
13994.268  3694674468
13994.772  3694674573
13994.978  3694674621
13995.482  3694674727
13995.688  3694674776
13996.192  3694674881
13996.398  3694674930
13996.903  3694675037
13997.108  3694675085
13997.613  3694675186
13997.818  3694675235
13998.323  3694675336
13998.528  3694675385
13999.032  3694675496
13999.238  3694675545
13999.742  3694675656
13999.948  3694675704
14000.452  3694675810
14000.658  3694675859
14001.162  3694675967
14001.368  3694676016
14001.873  3694676125
14002.079  3694676173
14002.583  3694676285
14002.789  3694676333
14003.292  3694676441
14003.499  3694676490
14004.003  3694676591
14004.209  3694676640
14004.712  3694676748
14004.919  3694676796
14005.423  3694676894
14005.629  3694676941
14006.134  3694677050
14006.339  3694677098
14006.875  3694677203
14007.079  3694677250
14007.593  3694677366
14007.799  3694677413
14008.303  3694677523
14008.509  3694677571
14009.013  3694677673
14009.22  3694677721
14009.726  3694677822
14009.93  3694677870
14010.455  3694677972
14010.659  3694678020
14011.163  3694678137
14011.369  3694678184
14011.873  3694678287
14012.079  3694678336
14012.582  3694678451
14012.79  3694678500
14013.293  3694678606
14013.5  3694678654
14014.003  3694678763
14014.21  3694678810
14014.712  3694678915
14014.92  3694678964
14015.422  3694679069
14015.63  3694679118
14016.132  3694679222
14016.34  3694679271
14016.843  3694679382
14017.05  3694679430
14017.552  3694679537
14017.76  3694679585
14018.263  3694679699
14018.47  3694679747
14018.974  3694679844
14019.181  3694679893
14019.683  3694679993
14019.891  3694680040
14020.394  3694680142
14020.601  3694680190
14021.103  3694680304
14021.311  3694680351
14021.815  3694680456
14022.0205  3694680505
14022.523  3694680614
14022.73  3694680662
14023.232  3694680777
14023.44  3694680826
14023.942  3694680938
14024.15  3694680987
14024.652  3694681090
14024.871  3694681138
14025.373  3694681244
14025.581  3694681292
14026.083  3694681397
14026.291  3694681444
14026.792  3694681548
14027.001  3694681596
14027.502  3694681695
14027.711  3694681744
14028.212  3694681847
14028.421  3694681895
14028.922  3694682001
14029.131  3694682048
14029.633  3694682151
14029.841  3694682199
14030.343  3694682310
14030.552  3694682356
14031.053  3694682458
14031.262  3694682507
14031.762  3694682615
14031.962  3694682664
14032.472  3694682762
14032.672  3694682810
14033.184  3694682913
14033.392  3694682960
14033.893  3694683067
14034.102  3694683115
14034.603  3694683221
14034.802  3694683270
14035.3125  3694683374
14035.521  3694683421
14036.022  3694683531
14036.231  3694683579
14036.732  3694683688
14036.932  3694683737
14037.442  3694683837
14037.642  3694683885
14038.152  3694684001
14038.353  3694684050
14038.862  3694684164
14039.0625  3694684212
14039.572  3694684317
14039.772  3694684366
14040.282  3694684467
14040.482  3694684516
14040.992  3694684624
14041.192  3694684673
14041.702  3694684773
14041.912  3694684821
14042.415  3694684925
14042.622  3694684974
14043.122  3694685077
14043.322  3694685124
14043.833  3694685228
14044.032  3694685277
14044.542  3694685387
14044.743  3694685435
14045.252  3694685539
14045.453  3694685588
14045.963  3694685696
14046.163  3694685743
14046.672  3694685854
14046.873  3694685903
14047.383  3694686018
14047.583  3694686065
14048.093  3694686170
14048.293  3694686219
14048.803  3694686323
14049.003  3694686371
14049.512  3694686482
14049.713  3694686529
14050.223  3694686628
14050.423  3694686676
14050.933  3694686779
14051.134  3694686828
14051.642  3694686931
14051.844  3694686978
14052.353  3694687081
14052.554  3694687129
14053.0625  3694687235
14053.264  3694687282
14053.782  3694687383
14053.983  3694687430
14054.492  3694687543
14054.693  3694687592
14055.202  3694687691
14055.403  3694687739
14055.912  3694687838
14056.114  3694687886
14056.622  3694687998
14056.824  3694688045
14057.332  3694688147
14057.534  3694688194
14058.043  3694688303
14058.244  3694688352
14058.753  3694688464
14058.954  3694688513
14059.463  3694688629
14059.664  3694688677
14060.173  3694688784
14060.374  3694688833
14060.883  3694688945
14061.084  3694688993
14061.592  3694689101
14061.794  3694689150
14062.304  3694689269
14062.505  3694689317
14063.012  3694689421
14063.215  3694689470
14063.723  3694689581
14063.925  3694689630
14064.433  3694689728
14064.635  3694689777
14065.143  3694689887
14065.345  3694689935
14065.852  3694690044
14066.055  3694690093
14066.5625  3694690204
14066.765  3694690252
14067.272  3694690352
14067.475  3694690401
14067.982  3694690514
14068.185  3694690562
14068.692  3694690672
14068.8955  3694690720
14069.402  3694690824
14069.605  3694690872
14070.112  3694690981
14070.315  3694691030
14070.822  3694691140
14071.025  3694691189
14071.532  3694691291
14071.735  3694691339
14072.242  3694691443
14072.445  3694691490
14072.952  3694691601
14073.155  3694691650
14073.663  3694691756
14073.865  3694691804
14074.372  3694691910
14074.575  3694691958
14075.082  3694692060
14075.286  3694692108
14075.792  3694692211
14075.996  3694692257
14076.502  3694692361
14076.706  3694692409
14077.213  3694692515
14077.416  3694692562
14077.923  3694692665
14078.126  3694692714
14078.632  3694692817
14078.836  3694692866
14079.343  3694692965
14079.546  3694693013
14080.053  3694693118
14080.256  3694693167
14080.762  3694693267
14080.966  3694693316
14081.473  3694693418
14081.677  3694693467
14082.183  3694693590
14082.387  3694693638
14082.893  3694693747
14083.097  3694693795
14083.603  3694693906
14083.807  3694693954
14084.312  3694694058
14084.517  3694694106
14085.021  3694694212
14085.227  3694694260
14085.732  3694694362
14085.937  3694694410
14086.442  3694694512
14086.646  3694694560
14087.151  3694694668
14087.356  3694694714
14087.862  3694694823
14088.067  3694694872
14088.572  3694694977
14088.777  3694695026
14089.282  3694695129
14089.487  3694695178
14089.992  3694695279
14090.197  3694695328
14090.702  3694695438
14090.907  3694695485
14091.412  3694695602
14091.617  3694695649
14092.122  3694695757
14092.327  3694695806
14092.832  3694695906
14093.037  3694695955
14093.543  3694696054
14093.747  3694696101
14094.252  3694696205
14094.458  3694696252
14094.962  3694696352
14095.168  3694696398
14095.673  3694696503
14095.878  3694696550
14096.382  3694696650
14096.588  3694696698
14097.092  3694696802
14097.298  3694696850
14097.802  3694696956
14098.008  3694697002
14098.513  3694697107
14098.718  3694697155
14099.222  3694697261
14099.428  3694697310
14099.933  3694697412
14100.138  3694697459
