13076.166  
13076.334  3694475839
13076.678  3694475893
13077.899  3694476185
13078.067  3694476209
13078.609  3694476344
13078.777  3694476368
13079.319  3694476495
13079.486  3694476519
13080.029  3694476643
13080.197  3694476667
13080.739  3694476792
13080.907  3694476816
13081.449  3694476945
13081.617  3694476969
13082.159  3694477097
13082.328  3694477121
13082.869  3694477250
13083.037  3694477274
13083.58  3694477400
13083.747  3694477424
13084.29  3694477558
13084.457  3694477582
13085.0  3694477715
13085.167  3694477739
13085.71  3694477869
13085.877  3694477893
13086.42  3694478020
13086.587  3694478044
13087.13  3694478185
13087.297  3694478209
13087.84  3694478343
13088.007  3694478367
13088.55  3694478492
13088.718  3694478516
13089.26  3694478653
13089.427  3694478677
13089.97  3694478810
13090.137  3694478834
13090.68  3694478965
13090.847  3694478989
13091.39  3694479131
13091.557  3694479155
13092.1  3694479288
13092.267  3694479312
13092.81  3694479437
13092.977  3694479461
13093.52  3694479590
13093.687  3694479614
13094.232  3694479751
13094.399  3694479775
13094.939  3694479898
13095.107  3694479922
13095.649  3694480046
13095.816  3694480070
13096.359  3694480194
13096.527  3694480218
13097.069  3694480350
13097.237  3694480374
13097.779  3694480497
13097.947  3694480521
13098.489  3694480644
13098.657  3694480668
13099.199  3694480792
13099.367  3694480816
13099.909  3694480951
13100.077  3694480975
13100.619  3694481102
13100.787  3694481126
13101.329  3694481259
13101.497  3694481283
13102.04  3694481418
13102.207  3694481442
13102.749  3694481563
13102.917  3694481587
13103.459  3694481729
13103.627  3694481753
13104.17  3694481884
13104.337  3694481908
13104.88  3694482035
13105.048  3694482059
13105.59  3694482185
13105.757  3694482209
13106.3  3694482345
13106.467  3694482369
13107.01  3694482506
13107.177  3694482530
13107.72  3694482660
13107.888  3694482684
13108.43  3694482821
13108.598  3694482845
13109.14  3694482971
13109.308  3694482995
13109.85  3694483130
13110.018  3694483154
13110.56  3694483288
13110.728  3694483312
13111.27  3694483435
13111.437  3694483459
13111.9795  3694483598
13112.146  3694483622
13112.689  3694483747
13112.857  3694483771
13113.399  3694483899
13113.567  3694483923
13114.109  3694484053
13114.277  3694484077
13114.819  3694484199
13114.987  3694484223
13115.529  3694484350
13115.697  3694484374
13116.239  3694484510
13116.407  3694484534
13116.95  3694484668
13117.117  3694484692
13117.659  3694484814
13117.827  3694484838
13118.369  3694484967
13118.537  3694484991
13119.079  3694485126
13119.248  3694485150
13119.79  3694485282
13119.958  3694485306
13120.499  3694485432
13120.667  3694485456
13121.209  3694485589
13121.377  3694485613
13121.92  3694485738
13122.091  3694485762
13122.63  3694485892
13122.797  3694485916
13123.339  3694486052
13123.507  3694486076
13124.05  3694486206
13124.218  3694486230
13124.76  3694486373
13124.928  3694486397
13125.47  3694486527
13125.637  3694486551
13126.18  3694486686
13126.347  3694486710
13126.89  3694486836
13127.057  3694486860
13127.6  3694486994
13127.769  3694487018
13128.31  3694487140
13128.478  3694487164
13129.02  3694487294
13129.187  3694487318
13129.7295  3694487460
13129.897  3694487484
13130.439  3694487609
13130.606  3694487633
13131.149  3694487762
13131.317  3694487786
13131.859  3694487907
13132.027  3694487931
13132.569  3694488058
13132.737  3694488082
13133.279  3694488214
13133.447  3694488238
13133.989  3694488367
13134.156  3694488391
13134.699  3694488524
13134.867  3694488548
13135.409  3694488670
13135.577  3694488694
13136.119  3694488824
13136.287  3694488848
13136.829  3694488975
13136.996  3694488999
13137.539  3694489130
13137.706  3694489154
13138.249  3694489281
13138.417  3694489305
13138.959  3694489441
13139.127  3694489465
13139.669  3694489587
13139.837  3694489611
13140.38  3694489743
13140.547  3694489767
13141.089  3694489897
13141.257  3694489921
13141.799  3694490045
13141.967  3694490069
13142.51  3694490193
13142.677  3694490217
13143.22  3694490342
13143.387  3694490366
13143.93  3694490494
13144.097  3694490518
13144.64  3694490644
13144.807  3694490668
13145.35  3694490793
13145.517  3694490817
13146.06  3694490942
13146.228  3694490966
13146.77  3694491100
13146.9375  3694491124
13147.4795  3694491254
13147.646  3694491278
13148.189  3694491401
13148.356  3694491425
13148.899  3694491554
13149.066  3694491578
13149.609  3694491706
13149.777  3694491730
13150.319  3694491859
13150.486  3694491883
13151.029  3694492021
13151.196  3694492045
13151.739  3694492171
13151.907  3694492195
13152.449  3694492327
13152.617  3694492351
13153.159  3694492473
13153.327  3694492497
13153.869  3694492630
13154.036  3694492654
13154.579  3694492785
13154.747  3694492809
13155.289  3694492931
13155.456  3694492955
13155.999  3694493087
13156.167  3694493111
13156.709  3694493235
13156.877  3694493259
13157.419  3694493381
13157.587  3694493405
13158.13  3694493537
13158.297  3694493561
13158.84  3694493686
13159.007  3694493710
13159.55  3694493834
13159.717  3694493858
13160.259  3694493981
13160.427  3694494005
13160.969  3694494133
13161.137  3694494157
13161.679  3694494287
13161.847  3694494311
13162.39  3694494436
13162.558  3694494460
13163.1  3694494591
13163.267  3694494615
13163.81  3694494744
13163.977  3694494768
13164.52  3694494900
13164.6875  3694494924
13165.2295  3694495048
13165.396  3694495072
13165.939  3694495202
13166.106  3694495226
13166.649  3694495351
13166.816  3694495375
13167.359  3694495499
13167.527  3694495523
13168.069  3694495655
13168.237  3694495679
13168.779  3694495803
13168.947  3694495827
13169.489  3694495959
13169.657  3694495983
13170.199  3694496111
13170.367  3694496135
13170.909  3694496264
13171.076  3694496288
13171.619  3694496424
13171.787  3694496448
13172.329  3694496577
13172.496  3694496601
13173.039  3694496727
13173.208  3694496751
13173.749  3694496884
13173.917  3694496908
13174.459  3694497047
13174.626  3694497071
13175.169  3694497196
13175.336  3694497220
13175.879  3694497342
13176.047  3694497366
13176.589  3694497498
13176.757  3694497522
13177.3  3694497651
13177.467  3694497675
13178.009  3694497806
13178.178  3694497830
13178.72  3694497963
13178.888  3694497987
13179.43  3694498120
13179.597  3694498144
13180.14  3694498286
13180.307  3694498310
13180.85  3694498442
13181.018  3694498466
13181.56  3694498592
13181.728  3694498616
13182.269  3694498746
13182.437  3694498770
13182.979  3694498896
13183.146  3694498920
13183.689  3694499053
13183.856  3694499077
13184.399  3694499209
13184.566  3694499233
13185.109  3694499360
13185.276  3694499384
13185.819  3694499509
13185.986  3694499533
13186.529  3694499656
13186.697  3694499680
13187.239  3694499816
13187.407  3694499840
13187.949  3694499969
13188.116  3694499993
13188.659  3694500127
13188.826  3694500151
13189.369  3694500290
13189.537  3694500314
13190.08  3694500439
13190.247  3694500463
13190.789  3694500598
13190.957  3694500622
13191.5  3694500753
13191.667  3694500777
13192.209  3694500906
13192.377  3694500930
13192.919  3694501060
13193.086  3694501084
13193.639  3694501226
13193.807  3694501250
13194.349  3694501380
13194.517  3694501404
13195.059  3694501531
13195.227  3694501555
13195.77  3694501682
13195.937  3694501706
13196.4795  3694501832
13196.646  3694501856
13197.188  3694501983
13197.356  3694502007
13197.899  3694502138
13198.066  3694502162
13198.609  3694502289
13198.777  3694502313
13199.319  3694502444
13199.486  3694502468
13200.029  3694502603
13200.196  3694502627
13200.739  3694502754
13200.907  3694502778
13201.449  3694502906
13201.617  3694502930
13202.159  3694503066
13202.327  3694503090
13202.869  3694503220
13203.036  3694503244
13203.579  3694503372
13203.746  3694503396
13204.289  3694503531
13204.457  3694503555
13204.999  3694503680
13205.166  3694503704
13205.709  3694503832
13205.877  3694503856
13206.419  3694503982
13206.587  3694504006
13207.129  3694504141
13207.297  3694504165
13207.839  3694504298
13208.007  3694504322
13208.549  3694504445
13208.718  3694504469
13209.259  3694504600
13209.427  3694504624
13209.969  3694504751
13210.137  3694504775
13210.689  3694504901
13210.878  3694504925
13211.419  3694505051
13211.586  3694505075
13212.129  3694505199
13212.296  3694505223
13212.839  3694505354
13213.006  3694505378
13213.549  3694505503
13213.716  3694505527
13214.259  3694505657
13214.426  3694505681
13214.97  3694505807
13215.138  3694505831
13215.679  3694505963
13215.847  3694505987
13216.389  3694506110
13216.557  3694506134
13217.099  3694506269
13217.27  3694506293
13217.809  3694506428
13217.977  3694506452
13218.519  3694506575
13218.687  3694506599
13219.2295  3694506732
13219.396  3694506756
13219.938  3694506890
13220.106  3694506914
13220.648  3694507042
13220.816  3694507066
13221.358  3694507193
13221.526  3694507217
13222.069  3694507341
13222.237  3694507365
13222.779  3694507496
13222.946  3694507520
13223.489  3694507649
13223.656  3694507673
13224.198  3694507805
13224.366  3694507829
13224.909  3694507961
13225.076  3694507985
13225.619  3694508119
13225.786  3694508143
13226.329  3694508270
13226.497  3694508294
13227.039  3694508425
13227.206  3694508449
13227.749  3694508581
13227.919  3694508605
13228.46  3694508740
13228.628  3694508764
13229.169  3694508897
13229.337  3694508921
13229.879  3694509048
13230.047  3694509072
13230.589  3694509196
13230.757  3694509220
13231.299  3694509351
13231.467  3694509375
13232.009  3694509501
13232.177  3694509525
13232.719  3694509653
13232.886  3694509677
13233.429  3694509808
13233.596  3694509832
13234.139  3694509957
13234.307  3694509981
13234.849  3694510104
13235.017  3694510128
13235.559  3694510251
13235.727  3694510275
13236.269  3694510415
13236.437  3694510439
13236.979  3694510569
13237.147  3694510593
13237.688  3694510727
13237.855  3694510751
13238.398  3694510874
13238.566  3694510898
13239.109  3694511026
13239.276  3694511050
13239.818  3694511180
13239.986  3694511204
13240.529  3694511326
13240.696  3694511350
13241.238  3694511472
13241.406  3694511496
13241.949  3694511631
13242.116  3694511655
13242.658  3694511790
13242.826  3694511814
13243.369  3694511950
13243.537  3694511974
13244.078  3694512110
13244.246  3694512134
13244.788  3694512270
13244.956  3694512294
13245.499  3694512418
13245.666  3694512442
13246.209  3694512579
13246.376  3694512603
13246.919  3694512750
13247.086  3694512774
13247.629  3694512909
13247.796  3694512933
13248.339  3694513055
13248.506  3694513079
13249.049  3694513209
13249.216  3694513233
13249.759  3694513372
13249.926  3694513396
13250.469  3694513522
13250.637  3694513546
13251.179  3694513680
13251.346  3694513704
13251.889  3694513830
13252.056  3694513854
13252.599  3694513981
13252.766  3694514005
13253.309  3694514135
13253.477  3694514159
13254.019  3694514289
13254.187  3694514313
13254.729  3694514435
13254.896  3694514459
13255.438  3694514585
13255.605  3694514609
13256.148  3694514748
13256.316  3694514772
13256.858  3694514896
13257.026  3694514920
13257.568  3694515045
13257.736  3694515069
13258.278  3694515197
13258.446  3694515221
13258.988  3694515346
13259.155  3694515370
13259.698  3694515504
13259.866  3694515528
13260.409  3694515657
13260.577  3694515681
13261.118  3694515806
13261.286  3694515830
13261.828  3694515956
13261.996  3694515980
13262.538  3694516107
13262.706  3694516131
13263.249  3694516260
13263.417  3694516284
13263.959  3694516419
13264.126  3694516443
13264.668  3694516566
13264.837  3694516590
13265.379  3694516738
13265.546  3694516762
13266.089  3694516886
13266.256  3694516910
13266.799  3694517046
13266.966  3694517070
13267.509  3694517195
13267.677  3694517219
13268.219  3694517347
13268.386  3694517371
13268.929  3694517505
13269.097  3694517529
13269.639  3694517654
13269.806  3694517678
13270.349  3694517817
13270.516  3694517841
13271.059  3694517973
13271.227  3694517997
13271.769  3694518124
13271.937  3694518148
13272.479  3694518283
13272.646  3694518307
13273.188  3694518447
13273.355  3694518471
13273.898  3694518611
13274.066  3694518635
13274.608  3694518760
13274.776  3694518784
13275.318  3694518915
13275.486  3694518939
13276.028  3694519067
13276.196  3694519091
13276.738  3694519215
13276.906  3694519239
13277.448  3694519371
13277.616  3694519395
13278.159  3694519520
13278.326  3694519544
13278.868  3694519676
13279.036  3694519700
13279.578  3694519834
13279.746  3694519858
13280.289  3694519990
13280.456  3694520014
13280.999  3694520147
13281.166  3694520171
13281.709  3694520295
13281.876  3694520319
13282.418  3694520444
13282.586  3694520468
13283.128  3694520598
13283.297  3694520622
13283.839  3694520751
13284.006  3694520775
13284.549  3694520913
13284.716  3694520937
13285.259  3694521068
13285.427  3694521092
13285.969  3694521224
13286.136  3694521248
13286.708  3694521380
13286.876  3694521404
13287.418  3694521538
13287.586  3694521562
13288.129  3694521696
13288.296  3694521720
13288.838  3694521845
13289.006  3694521869
13289.549  3694521995
13289.716  3694522019
13290.259  3694522146
13290.426  3694522170
13290.969  3694522298
13291.136  3694522322
13291.679  3694522452
13291.846  3694522476
13292.389  3694522612
13292.557  3694522636
13293.099  3694522767
13293.267  3694522791
13293.809  3694522917
13293.976  3694522941
13294.519  3694523064
13294.686  3694523088
13295.229  3694523210
13295.3955  3694523234
13295.938  3694523359
13296.105  3694523383
13296.648  3694523520
13296.815  3694523544
13297.358  3694523667
13297.526  3694523691
13298.068  3694523823
13298.236  3694523847
13298.778  3694523972
13298.946  3694523996
13299.488  3694524122
13299.655  3694524146
13300.198  3694524272
13300.366  3694524296
13300.908  3694524428
13301.076  3694524452
13301.618  3694524583
13301.786  3694524607
13302.328  3694524737
13302.496  3694524761
13303.038  3694524884
13303.206  3694524908
13303.748  3694525034
13303.916  3694525058
13304.458  3694525189
13304.626  3694525213
13305.168  3694525335
13305.336  3694525359
13305.878  3694525489
13306.046  3694525513
13306.588  3694525640
13306.756  3694525664
13307.298  3694525813
13307.466  3694525837
13308.008  3694525966
13308.177  3694525990
13308.718  3694526128
13308.886  3694526152
13309.429  3694526282
13309.596  3694526306
13310.139  3694526433
13310.306  3694526457
13310.848  3694526586
13311.016  3694526610
13311.559  3694526738
13311.726  3694526762
13312.269  3694526885
13312.436  3694526909
13312.979  3694527034
13313.1455  3694527058
13313.688  3694527188
13313.855  3694527212
13314.398  3694527340
13314.565  3694527364
13315.108  3694527496
13315.276  3694527520
13315.818  3694527646
13315.986  3694527670
13316.528  3694527796
13316.696  3694527820
13317.238  3694527949
13317.405  3694527973
13317.948  3694528112
13318.115  3694528136
13318.658  3694528259
13318.825  3694528283
13319.368  3694528407
13319.539  3694528431
13320.079  3694528554
13320.246  3694528578
13320.788  3694528706
13320.956  3694528730
13321.499  3694528855
13321.666  3694528879
13322.209  3694529004
13322.491  3694529028
13323.028  3694529156
13323.195  3694529180
13323.738  3694529309
13323.906  3694529333
13324.448  3694529465
13324.615  3694529489
13325.158  3694529616
13325.326  3694529640
13325.868  3694529766
13326.036  3694529790
13326.578  3694529915
13326.745  3694529939
13327.288  3694530077
13327.456  3694530101
13327.998  3694530224
13328.166  3694530248
13328.708  3694530378
13328.876  3694530402
13329.418  3694530537
13329.586  3694530561
13330.128  3694530685
13330.296  3694530709
13330.838  3694530844
13331.006  3694530868
13331.548  3694530993
13331.716  3694531017
13332.258  3694531143
13332.426  3694531167
13332.969  3694531295
13333.136  3694531319
13333.678  3694531446
13333.846  3694531470
13334.388  3694531597
13334.556  3694531621
13335.099  3694531753
13335.266  3694531777
13335.809  3694531903
13335.976  3694531927
13336.519  3694532056
13336.686  3694532080
13337.229  3694532211
13337.3955  3694532235
13337.9375  3694532385
13338.106  3694532409
13338.648  3694532536
13338.816  3694532560
13339.358  3694532683
13339.525  3694532707
13340.068  3694532835
13340.235  3694532859
13340.778  3694532988
13340.945  3694533012
13341.488  3694533148
13341.655  3694533172
13342.198  3694533303
13342.365  3694533327
13342.908  3694533460
13343.076  3694533484
13343.618  3694533612
13343.786  3694533636
13344.328  3694533780
13344.495  3694533804
13345.038  3694533932
13345.206  3694533956
13345.748  3694534081
13345.915  3694534105
13346.458  3694534230
13346.626  3694534254
13347.168  3694534385
13347.335  3694534409
13347.878  3694534533
13348.046  3694534557
13348.588  3694534688
13348.756  3694534712
13349.298  3694534843
13349.466  3694534867
13350.008  3694535006
13350.176  3694535030
13350.718  3694535162
13350.886  3694535186
13351.428  3694535323
13351.596  3694535347
13352.138  3694535475
13352.306  3694535499
13352.848  3694535627
13353.016  3694535651
13353.558  3694535774
13353.726  3694535798
13354.269  3694535928
13354.436  3694535952
13354.979  3694536079
13355.1455  3694536103
13355.688  3694536229
13355.855  3694536253
13356.398  3694536378
13356.566  3694536402
13357.107  3694536529
13357.275  3694536553
13357.818  3694536698
13357.985  3694536722
13358.528  3694536848
13358.695  3694536872
13359.238  3694536996
13359.405  3694537020
13359.948  3694537148
13360.115  3694537172
13360.658  3694537300
13360.825  3694537324
13361.368  3694537451
13361.535  3694537475
13362.078  3694537600
13362.245  3694537624
13362.788  3694537749
13362.956  3694537773
13363.498  3694537898
13363.666  3694537922
13364.208  3694538049
13364.376  3694538073
13364.918  3694538201
13365.086  3694538225
13365.628  3694538358
13365.796  3694538382
13366.338  3694538516
13366.505  3694538540
13367.048  3694538665
13367.215  3694538689
13367.759  3694538820
13367.927  3694538844
13368.468  3694538976
13368.635  3694539000
13369.179  3694539128
13369.346  3694539152
13369.888  3694539278
13370.056  3694539302
13370.598  3694539427
13370.765  3694539451
13371.308  3694539586
13371.476  3694539610
13372.019  3694539744
13372.187  3694539768
13372.728  3694539898
13372.8955  3694539922
13373.438  3694540050
13373.605  3694540074
13374.148  3694540205
13374.315  3694540229
13374.858  3694540362
13375.025  3694540386
13375.567  3694540513
13375.735  3694540537
13376.277  3694540659
13376.445  3694540683
13376.988  3694540810
13377.155  3694540834
13377.698  3694540961
13377.865  3694540985
13378.408  3694541114
13378.575  3694541138
13379.118  3694541264
13379.285  3694541288
13379.828  3694541418
13379.995  3694541442
13380.538  3694541567
13380.705  3694541591
13381.248  3694541721
13381.415  3694541745
13381.958  3694541873
13382.126  3694541897
13382.668  3694542018
13382.836  3694542042
13383.378  3694542167
13383.546  3694542191
13384.088  3694542321
13384.256  3694542345
13384.798  3694542467
13384.966  3694542491
13385.508  3694542618
13385.676  3694542642
13386.218  3694542779
13386.386  3694542803
13386.928  3694542935
13387.096  3694542959
13387.638  3694543088
13387.806  3694543112
13388.348  3694543243
13388.516  3694543267
13389.058  3694543398
13389.225  3694543422
13389.768  3694543557
13389.936  3694543581
13390.478  3694543706
13390.6455  3694543730
13391.1875  3694543860
13391.355  3694543884
13391.898  3694544021
13392.065  3694544045
13392.607  3694544172
13392.775  3694544196
13393.318  3694544330
13393.485  3694544354
13394.027  3694544484
13394.195  3694544508
13394.738  3694544637
13394.905  3694544661
13395.448  3694544788
13395.615  3694544812
13396.158  3694544944
13396.326  3694544968
13396.868  3694545102
13397.035  3694545126
13397.578  3694545256
13397.745  3694545280
13398.288  3694545404
13398.455  3694545428
13398.998  3694545559
13399.165  3694545583
13399.708  3694545717
13399.875  3694545741
13400.418  3694545879
13400.585  3694545903
13401.128  3694546028
13401.296  3694546052
13401.838  3694546182
13402.005  3694546206
13402.548  3694546334
13402.715  3694546358
13403.258  3694546490
13403.426  3694546514
13403.968  3694546654
13404.136  3694546678
13404.678  3694546805
13404.846  3694546829
13405.388  3694546963
13405.556  3694546987
13406.098  3694547122
13406.266  3694547146
13406.808  3694547278
13406.975  3694547302
13407.518  3694547429
13407.686  3694547453
13408.228  3694547581
13408.3955  3694547605
13408.9375  3694547732
13409.105  3694547756
13409.647  3694547887
13409.814  3694547911
13410.357  3694548043
13410.525  3694548067
13411.067  3694548194
13411.235  3694548218
13411.777  3694548350
13411.945  3694548374
13412.487  3694548504
13412.654  3694548528
13413.197  3694548663
13413.365  3694548687
13413.907  3694548815
13414.075  3694548839
13414.617  3694548964
13414.785  3694548988
13415.327  3694549124
13415.495  3694549148
13416.038  3694549270
13416.205  3694549294
13416.748  3694549416
13416.915  3694549440
13417.458  3694549569
13417.626  3694549593
13418.168  3694549727
13418.335  3694549751
13418.878  3694549884
13419.045  3694549908
13419.588  3694550043
13419.755  3694550067
13420.298  3694550207
13420.465  3694550231
13421.008  3694550358
13421.175  3694550382
13421.718  3694550517
13421.886  3694550541
13422.428  3694550665
13422.595  3694550689
13423.138  3694550819
13423.305  3694550843
13423.848  3694550968
13424.015  3694550992
13424.558  3694551123
13424.725  3694551147
13425.268  3694551282
13425.437  3694551306
13425.978  3694551428
13426.145  3694551452
13426.6875  3694551577
13426.855  3694551601
13427.397  3694551726
13427.565  3694551750
13428.107  3694551876
13428.274  3694551900
13428.817  3694552038
13428.985  3694552062
13429.527  3694552187
13429.694  3694552211
13430.237  3694552342
13430.405  3694552366
13430.948  3694552504
13431.116  3694552528
13431.657  3694552655
13431.825  3694552679
13432.367  3694552805
13432.534  3694552829
13433.077  3694552957
13433.245  3694552981
13433.788  3694553107
13433.955  3694553131
13434.5  3694553269
13434.667  3694553293
13435.208  3694553424
13435.375  3694553448
13435.918  3694553579
13436.086  3694553603
13436.627  3694553729
13436.795  3694553753
13437.338  3694553878
13437.505  3694553902
13438.048  3694554031
13438.216  3694554055
13438.758  3694554182
13438.926  3694554206
13439.468  3694554333
13439.635  3694554357
13440.178  3694554483
13440.345  3694554507
13440.888  3694554636
13441.055  3694554660
13441.598  3694554797
13441.765  3694554821
13442.308  3694554957
13442.475  3694554981
13443.018  3694555117
13443.186  3694555141
13443.728  3694555267
13443.895  3694555291
13444.4375  3694555430
13444.605  3694555454
13445.147  3694555583
13445.314  3694555607
13445.857  3694555740
13446.024  3694555764
13446.567  3694555892
13446.735  3694555916
13447.277  3694556054
13447.445  3694556078
13447.987  3694556213
13448.155  3694556237
13448.697  3694556376
13448.865  3694556400
13449.407  3694556535
13449.575  3694556559
13450.117  3694556684
13450.285  3694556708
13450.827  3694556843
13450.995  3694556867
13451.537  3694556996
13451.705  3694557020
13452.247  3694557141
13452.415  3694557165
13452.957  3694557294
13453.125  3694557318
13453.668  3694557448
13453.835  3694557472
13454.378  3694557598
13454.545  3694557622
13455.087  3694557759
13455.255  3694557783
13455.797  3694557916
13455.965  3694557940
13456.508  3694558068
13456.676  3694558092
13457.217  3694558222
13457.385  3694558246
13457.928  3694558375
13458.095  3694558399
13458.638  3694558533
13458.805  3694558557
13459.348  3694558693
13459.515  3694558717
13460.058  3694558848
13460.225  3694558872
13460.768  3694558994
13460.935  3694559018
13461.478  3694559144
13461.645  3694559168
13462.1875  3694559293
13462.355  3694559317
13462.897  3694559445
13463.064  3694559469
13463.607  3694559601
13463.775  3694559625
13464.317  3694559764
13464.485  3694559788
13465.027  3694559920
13465.195  3694559944
13465.737  3694560083
13465.904  3694560107
13466.449  3694560237
13466.617  3694560261
13467.157  3694560396
13467.325  3694560420
13467.868  3694560545
13468.036  3694560569
13468.577  3694560697
13468.745  3694560721
13469.287  3694560843
13469.454  3694560867
13469.997  3694561006
13470.165  3694561030
13470.707  3694561163
13470.874  3694561187
13471.417  3694561310
13471.585  3694561334
13472.127  3694561462
13472.295  3694561486
13472.837  3694561614
13473.005  3694561638
13473.549  3694561770
13473.717  3694561794
13474.257  3694561930
13474.425  3694561954
13474.968  3694562085
13475.135  3694562109
13475.6875  3694562238
13475.856  3694562262
13476.397  3694562392
13476.564  3694562416
13477.107  3694562540
13477.274  3694562564
13477.817  3694562685
13477.985  3694562709
13478.527  3694562837
13478.694  3694562861
13479.237  3694563000
13479.405  3694563024
13479.947  3694563152
13480.115  3694563176
13480.657  3694563308
13480.825  3694563332
13481.367  3694563461
13481.535  3694563485
13482.077  3694563613
13482.244  3694563637
13482.787  3694563773
13482.955  3694563797
13483.497  3694563923
13483.664  3694563947
13484.207  3694564075
13484.375  3694564099
13484.917  3694564223
13485.085  3694564247
13485.627  3694564381
13485.795  3694564405
13486.337  3694564537
13486.505  3694564561
13487.048  3694564700
13487.216  3694564724
13487.757  3694564845
13487.925  3694564869
13488.467  3694565001
13488.635  3694565025
13489.178  3694565158
13489.345  3694565182
13489.887  3694565317
13490.055  3694565341
13490.598  3694565472
13490.766  3694565496
13491.308  3694565625
13491.631  3694565649
13492.177  3694565790
13492.345  3694565814
13492.888  3694565943
13493.055  3694565967
13493.598  3694566094
13493.765  3694566118
13494.308  3694566255
13494.476  3694566279
13495.017  3694566412
13495.185  3694566436
13495.728  3694566568
13495.895  3694566592
13496.438  3694566743
13496.605  3694566767
13497.147  3694566895
13497.314  3694566919
13497.857  3694567048
13498.025  3694567072
13498.567  3694567197
13498.734  3694567221
13499.277  3694567350
13499.445  3694567374
13499.987  3694567500
13500.155  3694567524
13500.697  3694567654
13500.865  3694567678
13501.407  3694567814
13501.574  3694567838
13502.117  3694567962
13502.285  3694567986
13502.827  3694568110
13502.995  3694568134
13503.537  3694568264
13503.705  3694568288
13504.247  3694568419
13504.414  3694568443
13504.957  3694568569
13505.125  3694568593
13505.667  3694568725
13505.835  3694568749
13506.377  3694568880
13506.545  3694568904
13507.087  3694569035
13507.255  3694569059
13507.797  3694569184
13507.965  3694569208
13508.507  3694569345
13508.675  3694569369
13509.217  3694569492
13509.385  3694569516
13509.927  3694569650
13510.095  3694569674
13510.637  3694569798
13510.805  3694569822
13511.397  3694569952
13511.565  3694569976
13512.108  3694570110
13512.275  3694570134
13512.816  3694570272
13512.984  3694570296
13513.527  3694570427
13513.694  3694570451
13514.237  3694570580
13514.404  3694570604
13514.947  3694570729
13515.114  3694570753
13515.657  3694570882
13515.824  3694570906
13516.367  3694571033
13516.536  3694571057
13517.077  3694571192
13517.244  3694571216
13517.787  3694571354
13517.954  3694571378
13518.497  3694571513
13518.664  3694571537
13519.207  3694571672
13519.375  3694571696
13519.917  3694571820
13520.084  3694571844
13520.627  3694571971
13520.795  3694571995
13521.337  3694572119
13521.505  3694572143
13522.047  3694572270
13522.215  3694572294
13522.757  3694572428
13522.924  3694572452
13523.467  3694572581
13523.635  3694572605
13524.177  3694572741
13524.345  3694572765
13524.887  3694572890
13525.055  3694572914
13525.597  3694573051
13525.765  3694573075
13526.307  3694573199
13526.475  3694573223
13527.017  3694573348
13527.185  3694573372
13527.728  3694573497
13527.895  3694573521
13528.4375  3694573654
13528.605  3694573678
13529.147  3694573802
13529.314  3694573826
13529.857  3694573956
13530.025  3694573980
13530.567  3694574108
13530.734  3694574132
13531.277  3694574259
13531.444  3694574283
13531.987  3694574408
13532.155  3694574432
13532.697  3694574558
13532.865  3694574582
13533.407  3694574709
13533.575  3694574733
13534.117  3694574863
13534.285  3694574887
13534.827  3694575022
13534.994  3694575046
13535.537  3694575187
13535.704  3694575211
13536.247  3694575352
13536.415  3694575376
13536.957  3694575499
13537.124  3694575523
13537.667  3694575651
13537.835  3694575675
13538.377  3694575803
13538.545  3694575827
13539.087  3694575959
13539.255  3694575983
13539.797  3694576115
13539.965  3694576139
13540.507  3694576272
13540.675  3694576296
13541.218  3694576423
13541.385  3694576447
13541.927  3694576571
13542.095  3694576595
13542.637  3694576730
13542.805  3694576754
13543.348  3694576885
13543.515  3694576909
13544.057  3694577034
13544.225  3694577058
13544.767  3694577194
13544.935  3694577218
13545.477  3694577349
13545.644  3694577373
13546.187  3694577508
13546.354  3694577532
13546.896  3694577661
13547.064  3694577685
13547.606  3694577806
13547.774  3694577830
13548.316  3694577954
13548.484  3694577978
13549.026  3694578104
13549.194  3694578128
13549.737  3694578255
13549.904  3694578279
13550.447  3694578419
13550.614  3694578443
13551.157  3694578573
13551.324  3694578597
13551.867  3694578724
13552.034  3694578748
13552.577  3694578873
13552.744  3694578897
13553.287  3694579031
13553.454  3694579055
13553.997  3694579194
13554.164  3694579218
13554.707  3694579347
13554.874  3694579371
13555.417  3694579494
13555.584  3694579518
13556.127  3694579645
13556.294  3694579669
13556.837  3694579802
13557.005  3694579826
13557.547  3694579952
13557.715  3694579976
13558.257  3694580104
13558.424  3694580128
13558.967  3694580264
13559.134  3694580288
13559.677  3694580430
13559.844  3694580454
13560.387  3694580592
13560.555  3694580616
13561.097  3694580741
13561.265  3694580765
13561.807  3694580896
13561.975  3694580920
13562.517  3694581062
13562.685  3694581086
13563.227  3694581215
13563.395  3694581239
13563.937  3694581371
13564.1045  3694581395
13564.646  3694581522
13564.814  3694581546
13565.356  3694581681
13565.524  3694581705
13566.066  3694581833
13566.38  3694581857
13566.927  3694581983
13567.095  3694582007
13567.637  3694582131
13567.805  3694582155
13568.347  3694582287
13568.514  3694582311
13569.057  3694582448
13569.224  3694582472
13569.767  3694582596
13569.935  3694582620
13570.477  3694582754
13570.645  3694582778
13571.1875  3694582910
13571.3545  3694582934
13571.896  3694583057
13572.064  3694583081
13572.606  3694583209
13572.774  3694583233
13573.316  3694583356
13573.484  3694583380
13574.026  3694583511
13574.194  3694583535
13574.737  3694583663
13574.904  3694583687
13575.446  3694583823
13575.614  3694583847
13576.156  3694583976
13576.324  3694584000
13576.866  3694584129
13577.034  3694584153
13577.577  3694584286
13577.744  3694584310
13578.287  3694584435
13578.454  3694584459
13578.997  3694584588
13579.164  3694584612
13579.707  3694584744
13579.875  3694584768
13580.417  3694584905
13580.585  3694584929
13581.126  3694585059
13581.294  3694585083
13581.837  3694585223
13582.005  3694585247
13582.547  3694585372
13582.714  3694585396
13583.257  3694585524
13583.424  3694585548
13583.967  3694585675
13584.135  3694585699
13584.677  3694585838
13584.844  3694585862
13585.387  3694585990
13585.555  3694586014
13586.097  3694586144
13586.264  3694586168
13586.807  3694586305
13586.975  3694586329
13587.517  3694586459
13587.685  3694586483
13588.227  3694586610
13588.394  3694586634
13588.937  3694586760
13589.1045  3694586784
13589.646  3694586910
13589.816  3694586934
13590.356  3694587069
13590.524  3694587093
13591.066  3694587227
13591.233  3694587251
13591.776  3694587383
13591.944  3694587407
13592.486  3694587543
13592.654  3694587567
13593.197  3694587700
13593.365  3694587724
13593.906  3694587859
13594.074  3694587883
13594.616  3694588012
13594.784  3694588036
13595.326  3694588163
13595.494  3694588187
13596.036  3694588317
13596.204  3694588341
13596.746  3694588475
13596.914  3694588499
13597.457  3694588624
13597.624  3694588648
13598.167  3694588796
13598.334  3694588820
13598.877  3694588949
13599.044  3694588973
13599.587  3694589100
13599.754  3694589124
13600.297  3694589257
13600.464  3694589281
13601.007  3694589414
13601.174  3694589438
13601.717  3694589567
13601.884  3694589591
13602.427  3694589715
13602.595  3694589739
13603.137  3694589867
13603.304  3694589891
13603.847  3694590024
13604.014  3694590048
13604.557  3694590179
13604.724  3694590203
13605.267  3694590333
13605.435  3694590357
13605.977  3694590489
13606.1455  3694590513
13606.687  3694590641
13606.8545  3694590665
13607.396  3694590800
13607.564  3694590824
13608.106  3694590952
13608.274  3694590976
13608.817  3694591104
13608.984  3694591128
13609.526  3694591256
13609.694  3694591280
13610.236  3694591411
13610.404  3694591435
13610.946  3694591565
13611.114  3694591589
13611.656  3694591724
13611.824  3694591748
13612.366  3694591875
13612.533  3694591899
13613.076  3694592033
13613.244  3694592057
13613.786  3694592183
13613.953  3694592207
13614.496  3694592341
13614.666  3694592365
13615.206  3694592491
13615.374  3694592515
13615.916  3694592658
13616.084  3694592682
13616.626  3694592814
13616.794  3694592838
13617.337  3694592962
13617.504  3694592986
13618.046  3694593119
13618.214  3694593143
13618.757  3694593275
13618.925  3694593299
13619.466  3694593434
13619.634  3694593458
13620.177  3694593583
13620.344  3694593607
13620.887  3694593736
13621.054  3694593760
13621.597  3694593887
13621.764  3694593911
13622.307  3694594045
13622.474  3694594069
13623.017  3694594199
13623.185  3694594223
13623.727  3694594354
13623.895  3694594378
13624.437  3694594511
13624.604  3694594535
13625.146  3694594662
13625.314  3694594686
13625.856  3694594817
13626.023  3694594841
13626.566  3694594965
13626.734  3694594989
13627.276  3694595124
13627.445  3694595148
13627.986  3694595286
13628.153  3694595310
13628.696  3694595438
13628.863  3694595462
13629.406  3694595587
13629.574  3694595611
13630.116  3694595739
13630.284  3694595763
13630.826  3694595911
13630.994  3694595935
13631.536  3694596058
13631.704  3694596082
13632.246  3694596214
13632.414  3694596238
13632.956  3694596362
13633.124  3694596386
13633.666  3694596509
13633.834  3694596533
13634.377  3694596663
13634.544  3694596687
13635.087  3694596817
13635.254  3694596841
13635.796  3694596969
13635.964  3694596993
13636.507  3694597124
13636.674  3694597148
13637.217  3694597272
13637.384  3694597296
13637.927  3694597427
13638.094  3694597451
13638.637  3694597588
13638.804  3694597612
13639.347  3694597737
13639.514  3694597761
13640.057  3694597894
13640.224  3694597918
13640.767  3694598046
13640.934  3694598070
13641.477  3694598202
13641.644  3694598226
13642.187  3694598347
13642.3545  3694598371
13642.896  3694598507
13643.063  3694598531
13643.606  3694598656
13643.773  3694598680
13644.316  3694598806
13644.483  3694598830
13645.026  3694598953
13645.194  3694598977
13645.736  3694599105
13646.049  3694599129
13646.586  3694599260
13646.754  3694599284
13647.297  3694599414
13647.464  3694599438
13648.006  3694599572
13648.174  3694599596
13648.716  3694599726
13648.884  3694599750
13649.426  3694599881
13649.594  3694599905
13650.137  3694600033
13650.304  3694600057
13650.847  3694600182
13651.014  3694600206
13651.556  3694600335
13651.724  3694600359
13652.267  3694600487
13652.434  3694600511
13652.977  3694600636
13653.144  3694600660
13653.687  3694600798
13653.854  3694600822
13654.396  3694600952
13654.564  3694600976
13655.106  3694601100
13655.273  3694601124
13655.816  3694601249
13655.983  3694601273
13656.526  3694601401
13656.694  3694601425
13657.236  3694601558
13657.403  3694601582
13657.946  3694601707
13658.114  3694601731
13658.656  3694601864
13658.823  3694601888
13659.366  3694602018
13659.534  3694602042
13660.076  3694602177
13660.244  3694602201
13660.786  3694602339
13660.954  3694602363
13661.496  3694602493
13661.664  3694602517
13662.206  3694602647
13662.374  3694602671
13662.916  3694602806
13663.083  3694602830
13663.626  3694602966
13663.794  3694602990
13664.336  3694603125
13664.504  3694603149
13665.046  3694603274
13665.214  3694603298
13665.756  3694603433
13665.924  3694603457
13666.466  3694603583
13666.771  3694603607
13667.316  3694603741
13667.483  3694603765
13668.026  3694603892
13668.193  3694603916
13668.736  3694604045
13668.903  3694604069
13669.446  3694604206
13669.613  3694604230
13670.156  3694604364
13670.323  3694604388
13670.866  3694604522
13671.034  3694604546
13671.576  3694604685
13671.744  3694604709
13672.286  3694604838
13672.454  3694604862
13672.996  3694605001
13673.163  3694605025
13673.706  3694605151
13673.873  3694605175
13674.416  3694605316
13674.584  3694605340
13675.126  3694605463
13675.294  3694605487
13675.836  3694605615
13676.004  3694605639
13676.546  3694605764
13676.714  3694605788
13677.256  3694605924
13677.424  3694605948
13677.966  3694606074
13678.133  3694606098
13678.676  3694606225
13678.844  3694606249
13679.386  3694606374
13679.554  3694606398
13680.097  3694606520
13680.264  3694606544
13680.807  3694606667
13680.975  3694606691
13681.516  3694606820
13681.684  3694606844
13682.226  3694606974
13682.394  3694606998
13682.936  3694607130
13683.104  3694607154
13683.646  3694607277
13683.814  3694607301
13684.356  3694607431
13684.524  3694607455
13685.065  3694607587
13685.233  3694607611
13685.776  3694607740
13685.943  3694607764
13686.486  3694607891
13686.654  3694607915
13687.196  3694608040
13687.363  3694608064
13687.906  3694608190
13688.074  3694608214
13688.616  3694608339
13688.784  3694608363
13689.326  3694608490
13689.494  3694608514
13690.036  3694608645
13690.203  3694608669
13690.746  3694608807
13690.913  3694608831
13691.456  3694608962
13691.624  3694608986
13692.166  3694609115
13692.333  3694609139
13692.876  3694609266
13693.045  3694609290
13693.586  3694609413
13693.753  3694609437
13694.296  3694609562
13694.464  3694609586
13695.006  3694609712
13695.173  3694609736
13695.716  3694609877
13695.884  3694609901
13696.426  3694610037
13696.595  3694610061
13697.136  3694610193
13697.304  3694610217
13697.846  3694610342
13698.014  3694610366
13698.556  3694610500
13698.724  3694610524
13699.266  3694610649
13699.434  3694610673
13699.976  3694610810
13700.144  3694610834
13700.686  3694610969
13700.854  3694610993
13701.3955  3694611122
13701.563  3694611146
13702.106  3694611275
13702.274  3694611299
13702.815  3694611438
13702.983  3694611462
13703.526  3694611586
13703.693  3694611610
13704.236  3694611735
13704.403  3694611759
13704.946  3694611890
13705.113  3694611914
13705.656  3694612042
13705.823  3694612066
13706.366  3694612193
13706.533  3694612217
13707.076  3694612343
13707.243  3694612367
13707.786  3694612503
13707.953  3694612527
13708.496  3694612657
13708.664  3694612681
13709.206  3694612824
13709.373  3694612848
13709.916  3694612978
13710.084  3694613002
13710.626  3694613128
13710.794  3694613152
13711.336  3694613285
13711.503  3694613309
13712.046  3694613441
13712.214  3694613465
13712.756  3694613588
13712.923  3694613612
13713.466  3694613744
13713.633  3694613768
13714.176  3694613896
13714.344  3694613920
13714.886  3694614049
13715.053  3694614073
13715.596  3694614206
13715.764  3694614230
13716.306  3694614362
13716.473  3694614386
13717.016  3694614520
13717.184  3694614544
13717.726  3694614674
13717.894  3694614698
13718.436  3694614830
13718.604  3694614854
13719.1455  3694614981
13719.313  3694615005
13719.855  3694615137
13720.023  3694615161
13720.565  3694615283
13720.733  3694615307
13721.275  3694615437
13721.443  3694615461
13721.985  3694615591
13722.153  3694615615
13722.695  3694615749
13722.863  3694615773
13723.405  3694615901
13723.574  3694615925
13724.115  3694616064
13724.283  3694616088
13724.826  3694616215
13724.993  3694616239
13725.536  3694616373
13725.703  3694616397
13726.246  3694616528
13726.413  3694616552
13726.956  3694616681
13727.123  3694616705
13727.666  3694616846
13727.833  3694616870
13728.377  3694616996
13728.544  3694617020
13729.086  3694617156
13729.253  3694617180
13729.796  3694617313
13729.963  3694617337
13730.506  3694617478
13730.674  3694617502
13731.216  3694617628
13731.384  3694617652
13731.926  3694617789
13732.094  3694617813
13732.636  3694617936
13732.804  3694617960
13733.346  3694618086
13733.514  3694618110
13734.056  3694618235
13734.224  3694618259
13734.766  3694618384
13734.934  3694618408
13735.476  3694618540
13735.644  3694618564
13736.186  3694618698
13736.354  3694618722
13736.8955  3694618849
13737.063  3694618873
13737.605  3694619004
13737.773  3694619028
13738.316  3694619172
13738.483  3694619196
13739.025  3694619322
13739.193  3694619346
13739.735  3694619478
13739.903  3694619502
13740.445  3694619632
13740.613  3694619656
13741.156  3694619782
13741.323  3694619806
13741.865  3694619937
13742.033  3694619961
13742.576  3694620088
13742.743  3694620112
13743.286  3694620240
13743.453  3694620264
13743.995  3694620400
13744.163  3694620424
13744.705  3694620549
13744.873  3694620573
13745.416  3694620706
13745.584  3694620730
13746.126  3694620858
13746.293  3694620882
13746.836  3694621015
13747.003  3694621039
13747.546  3694621174
13747.713  3694621198
13748.256  3694621327
13748.424  3694621351
13748.966  3694621485
13749.133  3694621509
13749.676  3694621643
13749.844  3694621667
13750.386  3694621799
13750.553  3694621823
13751.096  3694621961
13751.264  3694621985
13751.806  3694622115
13751.973  3694622139
13752.516  3694622261
13752.685  3694622285
13753.226  3694622407
13753.393  3694622431
13753.936  3694622560
13754.104  3694622584
13754.6455  3694622713
13754.813  3694622737
13755.355  3694622877
13755.523  3694622901
13756.065  3694623035
13756.233  3694623059
13756.775  3694623194
13756.946  3694623218
13757.485  3694623348
13757.653  3694623372
13758.195  3694623498
13758.363  3694623522
13758.905  3694623647
13759.073  3694623671
13759.615  3694623795
13759.783  3694623819
13760.325  3694623951
13760.493  3694623975
13761.035  3694624109
13761.203  3694624133
13761.745  3694624264
13761.913  3694624288
13762.455  3694624417
13762.623  3694624441
13763.166  3694624566
13763.333  3694624590
13763.876  3694624717
13764.043  3694624741
13764.585  3694624876
13764.753  3694624900
13765.295  3694625027
13765.463  3694625051
13766.006  3694625184
13766.174  3694625208
13766.716  3694625328
13766.883  3694625352
13767.426  3694625477
13767.594  3694625501
13768.136  3694625632
13768.303  3694625656
13768.846  3694625779
13769.014  3694625803
13769.556  3694625937
13769.723  3694625961
13770.266  3694626090
13770.433  3694626114
13770.976  3694626242
13771.143  3694626266
13771.686  3694626397
13771.854  3694626421
13772.3955  3694626553
13772.563  3694626577
13773.105  3694626703
13773.273  3694626727
13773.815  3694626850
13773.983  3694626874
13774.525  3694627000
13774.693  3694627024
13775.235  3694627152
13775.402  3694627176
13775.945  3694627307
13776.113  3694627331
13776.655  3694627463
13776.823  3694627487
13777.366  3694627619
13777.533  3694627643
13778.075  3694627771
13778.242  3694627795
13778.785  3694627924
13778.952  3694627948
13779.495  3694628081
13779.664  3694628105
13780.205  3694628237
13780.373  3694628261
13780.916  3694628398
13781.084  3694628422
13781.625  3694628547
13781.793  3694628571
13782.335  3694628702
13782.503  3694628726
13783.045  3694628852
13783.213  3694628876
13783.755  3694629008
13783.923  3694629032
13784.466  3694629174
13784.633  3694629198
13785.175  3694629334
13785.344  3694629358
13785.886  3694629487
13786.053  3694629511
13786.596  3694629640
13786.764  3694629664
13787.306  3694629788
13787.474  3694629812
13788.016  3694629947
13788.184  3694629971
13788.726  3694630102
13788.895  3694630126
13789.436  3694630258
13789.604  3694630282
13790.1455  3694630411
13790.313  3694630435
13790.855  3694630564
13791.023  3694630588
13791.565  3694630714
13791.733  3694630738
13792.275  3694630863
13792.442  3694630887
13792.985  3694631016
13793.153  3694631040
13793.695  3694631168
13793.863  3694631192
13794.405  3694631328
13794.573  3694631352
13795.115  3694631483
13795.283  3694631507
13795.825  3694631636
13795.993  3694631660
13796.535  3694631787
13796.703  3694631811
13797.245  3694631935
13797.413  3694631959
13797.955  3694632095
13798.123  3694632119
13798.665  3694632238
13798.833  3694632262
13799.375  3694632383
13799.543  3694632407
13800.085  3694632541
13800.253  3694632565
13800.795  3694632696
13800.963  3694632720
13801.505  3694632845
13801.673  3694632869
13802.216  3694632996
13802.384  3694633020
13802.925  3694633157
13803.093  3694633181
13803.635  3694633318
13803.803  3694633342
13804.346  3694633473
13804.513  3694633497
13805.056  3694633627
13805.223  3694633651
13805.766  3694633780
13805.933  3694633804
13806.476  3694633933
13806.643  3694633957
13807.186  3694634086
13807.353  3694634110
13807.8955  3694634242
13808.0625  3694634266
13808.605  3694634391
13808.772  3694634415
13809.315  3694634548
13809.482  3694634572
13810.025  3694634699
13810.193  3694634723
13810.795  3694634855
13810.963  3694634879
13811.505  3694635011
13811.673  3694635035
13812.215  3694635163
13812.383  3694635187
13812.926  3694635312
13813.093  3694635336
13813.636  3694635473
13813.803  3694635497
13814.345  3694635626
13814.513  3694635650
13815.056  3694635774
13815.223  3694635798
13815.766  3694635920
13815.934  3694635944
13816.476  3694636071
13816.643  3694636095
13817.186  3694636220
13817.353  3694636244
13817.8955  3694636369
13818.063  3694636393
13818.605  3694636523
13818.772  3694636547
13819.315  3694636680
13819.483  3694636704
13820.025  3694636833
13820.193  3694636857
13820.735  3694636996
13820.902  3694637020
13821.445  3694637156
13821.612  3694637180
13822.155  3694637318
13822.322  3694637342
13822.865  3694637469
13823.032  3694637493
13823.575  3694637623
13823.743  3694637647
13824.285  3694637774
13824.453  3694637798
13824.995  3694637925
13825.163  3694637949
13825.705  3694638093
13825.872  3694638117
13826.415  3694638238
13826.583  3694638262
13827.125  3694638395
13827.293  3694638419
13827.835  3694638546
13828.002  3694638570
13828.545  3694638698
13828.712  3694638722
13829.255  3694638854
13829.423  3694638878
13829.966  3694639005
13830.133  3694639029
13830.675  3694639156
13830.844  3694639180
13831.385  3694639308
13831.553  3694639332
13832.095  3694639459
13832.263  3694639483
13832.805  3694639609
13832.973  3694639633
13833.515  3694639756
13833.683  3694639780
13834.226  3694639919
13834.393  3694639943
13834.936  3694640069
13835.103  3694640093
13835.645  3694640224
13835.8125  3694640248
13836.355  3694640383
13836.523  3694640407
13837.065  3694640533
13837.233  3694640557
13837.775  3694640691
13837.942  3694640715
13838.485  3694640844
13838.652  3694640868
13839.195  3694640993
13839.363  3694641017
13839.905  3694641149
13840.072  3694641173
13840.615  3694641297
13840.782  3694641321
13841.325  3694641450
13841.493  3694641474
13842.035  3694641610
13842.202  3694641634
13842.745  3694641760
13842.913  3694641784
13843.455  3694641915
13843.769  3694641939
13844.315  3694642074
13844.482  3694642098
13845.025  3694642230
13845.193  3694642254
13845.735  3694642384
13845.903  3694642408
13846.445  3694642534
13846.613  3694642558
13847.155  3694642680
13847.322  3694642704
13847.865  3694642842
13848.033  3694642866
13848.575  3694643000
13848.742  3694643024
13849.285  3694643155
13849.453  3694643179
13849.995  3694643304
13850.162  3694643328
13850.705  3694643459
13850.873  3694643483
13851.415  3694643616
13851.583  3694643640
13852.125  3694643772
13852.293  3694643796
13852.835  3694643924
13853.003  3694643948
13853.545  3694644083
13853.713  3694644107
13854.255  3694644242
13854.423  3694644266
13854.965  3694644397
13855.133  3694644421
13855.675  3694644554
13855.842  3694644578
13856.385  3694644722
13856.553  3694644746
13857.095  3694644877
13857.263  3694644901
13857.805  3694645024
13857.973  3694645048
13858.515  3694645182
13858.683  3694645206
13859.225  3694645329
13859.393  3694645353
13859.935  3694645480
13860.103  3694645504
13860.645  3694645639
13860.813  3694645663
13861.3545  3694645791
13861.675  3694645815
13862.215  3694645943
13862.383  3694645967
13862.925  3694646094
13863.093  3694646118
13863.635  3694646252
13863.803  3694646276
13864.345  3694646406
13864.513  3694646430
13865.055  3694646558
13865.223  3694646582
13865.765  3694646712
13865.933  3694646736
13866.475  3694646872
13866.643  3694646896
13867.185  3694647023
13867.353  3694647047
13867.8955  3694647183
13868.0625  3694647207
13868.605  3694647329
13868.772  3694647353
13869.315  3694647481
13869.482  3694647505
13870.024  3694647633
13870.192  3694647657
13870.734  3694647787
13870.902  3694647811
13871.445  3694647945
13871.613  3694647969
13872.155  3694648100
13872.322  3694648124
13872.865  3694648254
13873.032  3694648278
13873.575  3694648400
13873.742  3694648424
13874.285  3694648548
13874.453  3694648572
13874.995  3694648697
13875.162  3694648721
13875.705  3694648848
13875.872  3694648872
13876.415  3694649004
13876.583  3694649028
13877.125  3694649159
13877.292  3694649183
13877.835  3694649310
13878.002  3694649334
13878.545  3694649469
13878.714  3694649493
13879.255  3694649635
13879.423  3694649659
13879.965  3694649784
13880.133  3694649808
13880.675  3694649935
13880.842  3694649959
13881.385  3694650082
13881.553  3694650106
13882.095  3694650239
13882.262  3694650263
13882.805  3694650396
13882.974  3694650420
13883.515  3694650549
13883.683  3694650573
13884.225  3694650697
13884.393  3694650721
13884.935  3694650847
13885.103  3694650871
13885.645  3694650995
13885.812  3694651019
13886.3545  3694651148
13886.522  3694651172
13887.064  3694651304
13887.232  3694651328
13887.774  3694651460
13887.942  3694651484
13888.484  3694651616
13888.652  3694651640
13889.194  3694651768
13889.362  3694651792
13889.905  3694651920
13890.072  3694651944
13890.614  3694652074
13890.782  3694652098
13891.325  3694652237
13891.492  3694652261
13892.035  3694652393
13892.203  3694652417
13892.745  3694652549
13892.912  3694652573
13893.455  3694652703
13893.623  3694652727
13894.165  3694652856
13894.332  3694652880
13894.875  3694653013
13895.042  3694653037
13895.585  3694653163
13895.752  3694653187
13896.295  3694653313
13896.463  3694653337
13897.005  3694653470
13897.173  3694653494
13897.715  3694653627
13897.883  3694653651
13898.425  3694653779
13898.593  3694653803
13899.135  3694653945
13899.302  3694653969
13899.845  3694654091
13900.013  3694654115
13900.555  3694654254
13900.723  3694654278
13901.265  3694654414
13901.432  3694654438
13901.975  3694654573
13902.143  3694654597
13902.685  3694654730
13902.853  3694654754
13903.395  3694654887
13903.5625  3694654911
13904.1045  3694655043
13904.272  3694655067
13904.814  3694655188
13904.982  3694655212
13905.524  3694655347
13905.692  3694655371
13906.234  3694655504
13906.402  3694655528
13906.944  3694655654
13907.112  3694655678
13907.654  3694655809
13907.822  3694655833
13908.364  3694655963
13908.532  3694655987
13909.074  3694656123
13909.242  3694656147
13909.785  3694656274
13909.952  3694656298
13910.494  3694656424
13910.662  3694656448
13911.205  3694656576
13911.372  3694656600
13911.915  3694656728
13912.082  3694656752
13912.625  3694656879
13912.792  3694656903
13913.335  3694657025
13913.502  3694657049
13914.045  3694657182
13914.212  3694657206
13914.755  3694657335
13914.922  3694657359
13915.465  3694657485
13915.632  3694657509
13916.175  3694657635
13916.343  3694657659
13916.885  3694657786
13917.053  3694657810
13917.595  3694657942
13917.763  3694657966
13918.305  3694658100
13918.472  3694658124
13919.015  3694658251
13919.183  3694658275
13919.725  3694658418
13919.892  3694658442
13920.435  3694658566
13920.603  3694658590
13921.145  3694658715
13921.3125  3694658739
13921.8545  3694658870
13922.021  3694658894
13922.564  3694659022
13922.732  3694659046
13923.274  3694659170
13923.442  3694659194
13923.984  3694659329
13924.152  3694659353
13924.694  3694659484
13924.861  3694659508
13925.404  3694659629
13925.573  3694659653
13926.114  3694659776
13926.282  3694659800
13926.824  3694659936
13926.992  3694659960
13927.534  3694660083
13927.702  3694660107
13928.244  3694660236
13928.412  3694660260
13928.954  3694660387
13929.122  3694660411
13929.664  3694660538
13930.144  3694660562
13930.685  3694660691
13930.852  3694660715
13931.395  3694660842
13931.562  3694660866
13932.1045  3694660990
13932.271  3694661014
13932.814  3694661143
13932.982  3694661167
13933.524  3694661296
13933.692  3694661320
13934.234  3694661442
13934.402  3694661466
13934.944  3694661596
13935.112  3694661620
13935.654  3694661757
13935.822  3694661781
13936.364  3694661908
13936.532  3694661932
13937.074  3694662064
13937.242  3694662088
13937.784  3694662212
13937.952  3694662236
13938.494  3694662368
13938.664  3694662392
13939.204  3694662529
13939.373  3694662553
13939.914  3694662684
13940.085  3694662708
13940.624  3694662834
13940.792  3694662858
13941.334  3694662990
13941.502  3694663014
13942.045  3694663143
13942.212  3694663167
13942.755  3694663286
13942.922  3694663310
13943.465  3694663443
13943.632  3694663467
13944.175  3694663590
13944.342  3694663614
13944.885  3694663741
13945.052  3694663765
13945.595  3694663890
13945.762  3694663914
13946.305  3694664042
13946.472  3694664066
13947.015  3694664190
13947.183  3694664214
13947.725  3694664337
13947.892  3694664361
13948.435  3694664491
13948.602  3694664515
13949.145  3694664641
13949.3125  3694664665
13949.8545  3694664797
13950.021  3694664821
13950.564  3694664944
13950.731  3694664968
13951.274  3694665094
13951.441  3694665118
13951.984  3694665245
13952.152  3694665269
13952.694  3694665399
13952.862  3694665423
13953.404  3694665554
13953.572  3694665578
13954.114  3694665712
13954.282  3694665736
13954.824  3694665860
13954.992  3694665884
13955.534  3694666022
13955.703  3694666046
13956.255  3694666180
13956.423  3694666204
13956.964  3694666336
13957.132  3694666360
13957.675  3694666512
13957.842  3694666536
13958.385  3694666662
13958.552  3694666686
13959.095  3694666817
13959.262  3694666841
13959.805  3694666974
13959.973  3694666998
13960.517  3694667127
13960.684  3694667151
13961.225  3694667286
13961.392  3694667310
13961.935  3694667444
13962.102  3694667468
13962.645  3694667599
13962.8125  3694667623
13963.3545  3694667750
13963.522  3694667774
13964.064  3694667913
13964.231  3694667937
13964.774  3694668074
13964.942  3694668098
13965.484  3694668235
13965.651  3694668259
13966.194  3694668384
13966.361  3694668408
13966.904  3694668535
13967.071  3694668559
13967.614  3694668703
13967.782  3694668727
13968.324  3694668853
13968.492  3694668877
13969.034  3694669004
13969.203  3694669028
13969.744  3694669162
13969.911  3694669186
13970.454  3694669318
13970.622  3694669342
13971.164  3694669472
13971.332  3694669496
13971.874  3694669631
13972.042  3694669655
13972.584  3694669790
13972.752  3694669814
13973.294  3694669943
13973.462  3694669967
13974.004  3694670094
13974.172  3694670118
13974.714  3694670244
13974.882  3694670268
13975.424  3694670397
13975.592  3694670421
13976.134  3694670567
13976.302  3694670591
13976.845  3694670717
13977.012  3694670741
13977.555  3694670870
13977.723  3694670894
13978.265  3694671020
13978.432  3694671044
13978.974  3694671166
13979.142  3694671190
13979.685  3694671318
13979.852  3694671342
13980.395  3694671475
13980.5625  3694671499
13981.1045  3694671632
13981.272  3694671656
13981.814  3694671783
13981.981  3694671807
13982.524  3694671943
13982.691  3694671967
13983.234  3694672090
13983.401  3694672114
13983.944  3694672248
13984.112  3694672272
13984.654  3694672408
13984.821  3694672432
13985.364  3694672563
13985.532  3694672587
13986.074  3694672711
13986.241  3694672735
13986.784  3694672865
13986.952  3694672889
13987.494  3694673019
13987.664  3694673043
13988.214  3694673169
13988.382  3694673193
13988.924  3694673326
13989.092  3694673350
13989.634  3694673478
13989.802  3694673502
13990.344  3694673638
13990.512  3694673662
13991.054  3694673793
13991.226  3694673817
13991.765  3694673944
13991.933  3694673968
13992.475  3694674093
13992.643  3694674117
13993.185  3694674242
13993.352  3694674266
13993.895  3694674395
13994.062  3694674419
13994.6045  3694674549
13994.771  3694674573
13995.314  3694674703
13995.481  3694674727
13996.024  3694674857
13996.191  3694674881
13996.734  3694675013
13996.902  3694675037
13997.444  3694675162
13997.612  3694675186
13998.154  3694675312
13998.322  3694675336
13998.864  3694675472
13999.031  3694675496
13999.574  3694675632
13999.742  3694675656
14000.284  3694675786
14000.451  3694675810
14000.994  3694675943
14001.162  3694675967
14001.705  3694676101
14001.872  3694676125
14002.414  3694676261
14002.582  3694676285
14003.124  3694676417
14003.292  3694676441
14003.834  3694676567
14004.002  3694676591
14004.544  3694676724
14004.711  3694676748
14005.254  3694676870
14005.422  3694676894
14005.964  3694677026
14006.133  3694677050
14006.707  3694677179
14006.874  3694677203
14007.424  3694677342
14007.592  3694677366
14008.134  3694677499
14008.302  3694677523
14008.844  3694677649
14009.012  3694677673
14009.554  3694677798
14009.725  3694677822
14010.287  3694677948
14010.454  3694677972
14010.994  3694678113
14011.162  3694678137
14011.704  3694678263
14011.872  3694678287
14012.414  3694678427
14012.581  3694678451
14013.124  3694678582
14013.292  3694678606
14013.834  3694678739
14014.002  3694678763
14014.544  3694678891
14014.712  3694678915
14015.254  3694679045
14015.421  3694679069
14015.964  3694679198
14016.132  3694679222
14016.674  3694679358
14016.842  3694679382
14017.384  3694679513
14017.552  3694679537
14018.094  3694679675
14018.262  3694679699
14018.804  3694679820
14018.972  3694679844
14019.515  3694679969
14019.682  3694679993
14020.224  3694680118
14020.392  3694680142
14020.935  3694680280
14021.102  3694680304
14021.644  3694680432
14021.813  3694680456
14022.3545  3694680590
14022.522  3694680614
14023.064  3694680753
14023.231  3694680777
14023.774  3694680914
14023.941  3694680938
14024.484  3694681066
14024.651  3694681090
14025.204  3694681220
14025.372  3694681244
14025.914  3694681373
14026.081  3694681397
14026.624  3694681524
14026.791  3694681548
14027.334  3694681671
14027.501  3694681695
14028.044  3694681823
14028.211  3694681847
14028.754  3694681977
14028.922  3694682001
14029.464  3694682127
14029.632  3694682151
14030.174  3694682286
14030.342  3694682310
14030.884  3694682434
14031.052  3694682458
14031.594  3694682591
14031.762  3694682615
14032.304  3694682738
14032.471  3694682762
14033.014  3694682889
14033.182  3694682913
14033.724  3694683043
14033.892  3694683067
14034.434  3694683197
14034.602  3694683221
14035.144  3694683350
14035.312  3694683374
14035.854  3694683507
14036.021  3694683531
14036.563  3694683664
14036.731  3694683688
14037.273  3694683813
14037.441  3694683837
14037.984  3694683977
14038.151  3694684001
14038.694  3694684140
14038.861  3694684164
14039.404  3694684293
14039.571  3694684317
14040.114  3694684443
14040.282  3694684467
14040.824  3694684600
14040.991  3694684624
14041.534  3694684749
14041.701  3694684773
14042.246  3694684901
14042.414  3694684925
14042.954  3694685053
14043.121  3694685077
14043.664  3694685204
14043.832  3694685228
14044.374  3694685363
14044.541  3694685387
14045.084  3694685515
14045.251  3694685539
14045.794  3694685672
14045.962  3694685696
14046.504  3694685830
14046.671  3694685854
14047.214  3694685994
14047.382  3694686018
14047.924  3694686146
14048.091  3694686170
14048.634  3694686299
14048.802  3694686323
14049.344  3694686458
14049.512  3694686482
14050.055  3694686604
14050.222  3694686628
14050.764  3694686755
14050.932  3694686779
14051.474  3694686907
14051.641  3694686931
14052.184  3694687057
14052.352  3694687081
14052.894  3694687211
14053.062  3694687235
14053.614  3694687359
14053.781  3694687383
14054.324  3694687519
14054.491  3694687543
14055.034  3694687667
14055.201  3694687691
14055.744  3694687814
14055.911  3694687838
14056.454  3694687974
14056.621  3694687998
14057.164  3694688123
14057.331  3694688147
14057.874  3694688279
14058.042  3694688303
14058.584  3694688440
14058.752  3694688464
14059.294  3694688605
14059.461  3694688629
14060.004  3694688760
14060.172  3694688784
14060.714  3694688921
14060.882  3694688945
14061.424  3694689077
14061.591  3694689101
14062.134  3694689245
14062.304  3694689269
14062.844  3694689397
14063.012  3694689421
14063.554  3694689557
14063.722  3694689581
14064.264  3694689704
14064.432  3694689728
14064.974  3694689863
14065.142  3694689887
14065.684  3694690020
14065.852  3694690044
14066.394  3694690180
14066.562  3694690204
14067.1045  3694690328
14067.271  3694690352
14067.813  3694690490
14067.98  3694690514
14068.523  3694690648
14068.691  3694690672
14069.233  3694690800
14069.401  3694690824
14069.943  3694690957
14070.111  3694690981
14070.653  3694691116
14070.821  3694691140
14071.364  3694691267
14071.531  3694691291
14072.073  3694691419
14072.241  3694691443
14072.783  3694691577
14072.951  3694691601
14073.493  3694691732
14073.662  3694691756
14074.204  3694691886
14074.371  3694691910
14074.914  3694692036
14075.081  3694692060
14075.624  3694692187
14075.791  3694692211
14076.334  3694692337
14076.502  3694692361
14077.045  3694692491
14077.212  3694692515
14077.754  3694692641
14077.922  3694692665
14078.464  3694692793
14078.631  3694692817
14079.174  3694692941
14079.341  3694692965
14079.884  3694693094
14080.051  3694693118
14080.594  3694693243
14080.762  3694693267
14081.304  3694693394
14081.472  3694693418
14082.014  3694693566
14082.181  3694693590
14082.724  3694693723
14082.892  3694693747
14083.434  3694693882
14083.602  3694693906
14084.144  3694694034
14084.311  3694694058
14084.854  3694694188
14085.021  3694694212
14085.563  3694694338
14085.731  3694694362
14086.273  3694694488
14086.441  3694694512
14086.983  3694694644
14087.15  3694694668
14087.693  3694694799
14087.861  3694694823
14088.404  3694694953
14088.571  3694694977
14089.113  3694695105
14089.281  3694695129
14089.823  3694695255
14089.991  3694695279
14090.534  3694695414
14090.701  3694695438
14091.244  3694695578
14091.411  3694695602
14091.954  3694695733
14092.121  3694695757
14092.663  3694695882
14092.831  3694695906
14093.374  3694696030
14093.542  3694696054
14094.084  3694696181
14094.252  3694696205
14094.794  3694696328
14094.962  3694696352
14095.504  3694696479
14095.673  3694696503
14096.214  3694696626
14096.381  3694696650
14096.924  3694696778
14097.091  3694696802
14097.634  3694696932
14097.801  3694696956
14098.344  3694697083
14098.512  3694697107
14099.054  3694697237
14099.222  3694697261
14099.764  3694697388
14099.932  3694697412
14100.474  3694697549
14100.641  3694697573
14100.642  3694697573
