63754.164  1731534762
63784.363  1731534817
63784.984  1731535171
63785.277  1731535270
63785.402  1731535318
63785.68  1731535419
63785.805  1731535468
63786.098  1731535572
63786.223  1731535621
63786.508  1731535723
63786.633  1731535771
63786.906  1731535885
63787.035  1731535934
63787.312  1731536039
63787.434  1731536087
63787.71  1731536203
63787.836  1731536252
63788.125  1731536359
63788.254  1731536406
63788.523  1731536506
63788.645  1731536555
63788.92  1731536659
63789.043  1731536707
63789.33  1731536805
63789.453  1731536854
63789.734  1731536962
63789.875  1731537011
63790.16  1731537121
63790.285  1731537170
63790.566  1731537278
63790.695  1731537324
63790.977  1731537428
63791.105  1731537476
63791.383  1731537588
63791.504  1731537636
63791.785  1731537746
63791.914  1731537795
63792.184  1731537904
63792.316  1731537951
63792.586  1731538049
63792.715  1731538096
63792.992  1731538194
63793.113  1731538241
63793.41  1731538354
63793.543  1731538403
63793.82  1731538522
63793.945  1731538571
63794.223  1731538671
63794.355  1731538718
63794.633  1731538819
63794.766  1731538868
63795.04  1731538968
63795.164  1731539016
63795.445  1731539120
63795.574  1731539169
63795.87  1731539272
63796.004  1731539321
63796.28  1731539444
63796.414  1731539490
63796.69  1731539600
63796.824  1731539648
63797.105  1731539746
63797.234  1731539794
63797.516  1731539907
63797.645  1731539956
63797.934  1731540062
63798.055  1731540110
63798.344  1731540225
63798.477  1731540273
63798.754  1731540379
63798.887  1731540427
63799.176  1731540532
63799.305  1731540580
63799.598  1731540689
63799.727  1731540738
63800.0  1731540843
63800.137  1731540891
63800.426  1731540990
63800.555  1731541038
63800.883  1731541149
63801.004  1731541198
63801.31  1731541310
63801.438  1731541357
63801.73  1731541461
63801.867  1731541509
63802.14  1731541627
63802.266  1731541675
63802.55  1731541777
63802.676  1731541826
63802.977  1731541926
63803.105  1731541975
63803.383  1731542092
63803.516  1731542140
63803.793  1731542244
63803.914  1731542292
63804.203  1731542403
63804.367  1731542452
63804.64  1731542558
63804.766  1731542607
63805.047  1731542713
63805.176  1731542760
63805.47  1731542882
63805.598  1731542931
63805.895  1731543035
63806.027  1731543083
63806.316  1731543190
63806.445  1731543238
63806.72  1731543340
63806.848  1731543388
63807.156  1731543495
63807.285  1731543543
63807.56  1731543647
63807.688  1731543694
63807.965  1731543798
63808.086  1731543845
63808.387  1731543956
63808.535  1731544003
63808.805  1731544108
63808.938  1731544155
63809.22  1731544263
63809.348  1731544310
63809.62  1731544421
63809.746  1731544469
63810.023  1731544571
63810.156  1731544619
63810.426  1731544730
63810.555  1731544779
63810.84  1731544887
63810.965  1731544935
63811.246  1731545038
63811.375  1731545086
63811.68  1731545191
63811.83  1731545239
63812.105  1731545350
63812.24  1731545397
63812.547  1731545506
63812.676  1731545554
63812.96  1731545682
63813.098  1731545729
63813.383  1731545835
63813.508  1731545884
63813.785  1731545993
63813.918  1731546041
63814.203  1731546140
63814.336  1731546189
63814.613  1731546297
63814.74  1731546346
63815.05  1731546451
63815.176  1731546499
63815.49  1731546614
63815.617  1731546661
63815.9  1731546768
63816.027  1731546816
63816.305  1731546923
63816.438  1731546972
63816.72  1731547074
63816.855  1731547123
63817.13  1731547227
63817.258  1731547276
63817.543  1731547387
63817.676  1731547436
63817.965  1731547541
63818.086  1731547589
63818.367  1731547702
63818.496  1731547750
63818.777  1731547853
63818.906  1731547902
63819.203  1731548011
63819.348  1731548060
63819.617  1731548167
63819.74  1731548216
63820.04  1731548318
63820.168  1731548366
63820.46  1731548472
63820.598  1731548520
63820.875  1731548620
63821.016  1731548669
63821.3  1731548778
63821.438  1731548826
63821.73  1731548927
63821.867  1731548975
63822.14  1731549080
63822.27  1731549128
63822.582  1731549235
63822.707  1731549283
63822.992  1731549382
63823.117  1731549431
63823.414  1731549541
63823.54  1731549588
63823.824  1731549697
63823.957  1731549746
63824.227  1731549849
63824.36  1731549897
63824.637  1731550012
63824.77  1731550060
63825.047  1731550159
63825.18  1731550208
63825.492  1731550312
63825.617  1731550359
63825.9  1731550474
63826.04  1731550520
63826.33  1731550627
63826.457  1731550675
63826.734  1731550781
63826.867  1731550830
63827.16  1731550945
63827.29  1731550994
63827.562  1731551107
63827.688  1731551154
63827.973  1731551255
63828.098  1731551304
63828.39  1731551407
63828.52  1731551456
63828.785  1731551557
63828.93  1731551605
63829.21  1731551706
63829.348  1731551755
63829.637  1731551873
63829.758  1731551922
63830.047  1731552029
63830.18  1731552076
63830.46  1731552181
63830.59  1731552228
63830.87  1731552338
63831.027  1731552385
63831.312  1731552492
63831.438  1731552540
63831.734  1731552650
63831.887  1731552698
63832.168  1731552804
63832.29  1731552853
63832.574  1731552967
63832.707  1731553016
63832.996  1731553125
63833.117  1731553173
63833.402  1731553284
63833.844  1731553332
63835.68  1731553444
63835.81  1731553493
63836.098  1731553604
63836.23  1731553652
63836.58  1731553754
63836.74  1731553803
63837.36  1731553915
63837.49  1731553964
63837.8  1731554069
63837.95  1731554117
63847.832  1731554224
63847.96  1731554272
63851.332  1731554383
63851.46  1731554431
63854.844  1731554535
63854.973  1731554584
63859.78  1731554685
63859.91  1731554734
63861.094  1731554841
63861.223  1731554890
63861.605  1731554996
63861.73  1731555044
63862.37  1731555146
63862.5  1731555195
63862.83  1731555302
63862.953  1731555351
63863.37  1731555454
63863.5  1731555503
63863.87  1731555609
63864.0  1731555656
63864.363  1731555766
63864.492  1731555813
63867.87  1731555920
63867.992  1731555967
63871.402  1731556069
63871.55  1731556117
63871.918  1731556220
63872.133  1731556267
63872.41  1731556367
63872.543  1731556416
63872.848  1731556535
63872.973  1731556583
63876.375  1731556696
63876.504  1731556744
63879.914  1731556851
63880.043  1731556898
63880.39  1731556998
63880.543  1731557047
63883.85  1731557148
63883.984  1731557196
63887.39  1731557303
63887.523  1731557352
63887.887  1731557457
63888.016  1731557506
63891.375  1731557608
63891.504  1731557657
63891.906  1731557756
63892.035  1731557804
63892.41  1731557910
63892.535  1731557959
63892.895  1731558063
63893.023  1731558111
63896.387  1731558231
63896.516  1731558279
63896.92  1731558378
63897.066  1731558427
63897.426  1731558532
63897.555  1731558581
63902.027  1731558684
63902.227  1731558733
63902.508  1731558842
63902.934  1731558891
63903.316  1731558992
63903.445  1731559040
63903.81  1731559139
63903.957  1731559187
63904.91  1731559295
63905.035  1731559344
63905.43  1731559451
63905.555  1731559500
63905.918  1731559609
63906.047  1731559656
63906.402  1731559756
63906.527  1731559805
63906.914  1731559910
63907.047  1731559957
63907.4  1731560067
63907.527  1731560115
63907.902  1731560216
63908.027  1731560265
63908.406  1731560368
63908.535  1731560417
63908.91  1731560523
63909.035  1731560571
63909.406  1731560682
63909.535  1731560730
63909.93  1731560841
63910.055  1731560890
63913.43  1731560996
63913.555  1731561045
63916.918  1731561145
63917.047  1731561193
63917.418  1731561300
63917.56  1731561348
63923.09  1731561461
63923.24  1731561508
63923.53  1731561612
63923.74  1731561661
63924.016  1731561768
63924.24  1731561815
63924.516  1731561922
63924.727  1731561968
63925.008  1731562079
63925.2  1731562128
63925.508  1731562229
63925.95  1731562277
63926.34  1731562387
63926.47  1731562436
63926.824  1731562541
63926.957  1731562590
63927.312  1731562700
63927.45  1731562748
63927.773  1731562863
63927.9  1731562911
63928.227  1731563013
63928.348  1731563060
63928.72  1731563161
63928.848  1731563210
63929.227  1731563313
63929.36  1731563361
63930.0  1731563462
63930.13  1731563511
63930.43  1731563616
63930.56  1731563665
63930.926  1731563775
63931.047  1731563824
63931.406  1731563927
63931.54  1731563974
63931.855  1731564079
63931.99  1731564127
63932.34  1731564225
63932.477  1731564274
63933.453  1731564376
63933.58  1731564425
63933.945  1731564531
63934.08  1731564578
63937.47  1731564705
63937.598  1731564754
63937.945  1731564855
63938.07  1731564904
63938.46  1731565009
63938.59  1731565057
63938.94  1731565157
63939.07  1731565205
63939.395  1731565313
63939.52  1731565362
63939.848  1731565461
63939.98  1731565509
63940.37  1731565615
63940.5  1731565662
63940.85  1731565765
63940.99  1731565813
63941.363  1731565930
63941.49  1731565978
63941.86  1731566075
63942.02  1731566123
63942.375  1731566224
63942.508  1731566273
63943.39  1731566378
63943.52  1731566427
63943.867  1731566546
63944.0  1731566594
63944.367  1731566694
63944.5  1731566742
63944.86  1731566850
63944.99  1731566898
63945.617  1731566998
63945.77  1731567047
63946.07  1731567152
63946.508  1731567200
63947.24  1731567305
63947.36  1731567353
63947.734  1731567460
63947.86  1731567508
63948.246  1731567606
63948.37  1731567655
63948.746  1731567761
63948.87  1731567809
63949.527  1731567919
63949.65  1731567967
63949.97  1731568068
63950.1  1731568117
63950.477  1731568225
63950.6  1731568274
63950.97  1731568375
63951.09  1731568423
63951.47  1731568539
63951.59  1731568587
63951.992  1731568693
63952.13  1731568740
63952.477  1731568839
63952.6  1731568886
63953.004  1731568996
63953.13  1731569043
63953.527  1731569151
63953.65  1731569198
63956.973  1731569307
63957.1  1731569355
63957.48  1731569453
63957.61  1731569501
63957.977  1731569619
63958.1  1731569667
63958.496  1731569769
63958.62  1731569817
63962.258  1731569920
63962.383  1731569968
63962.758  1731570067
63962.883  1731570116
63963.51  1731570221
63963.64  1731570270
63967.98  1731570382
63968.113  1731570429
63968.402  1731570531
63968.53  1731570580
63968.89  1731570682
63969.03  1731570731
63969.395  1731570840
63969.53  1731570889
63970.504  1731570989
63970.633  1731571035
63970.99  1731571143
63971.12  1731571191
63974.45  1731571295
63974.574  1731571343
63975.516  1731571449
63975.64  1731571498
63976.01  1731571600
63976.14  1731571648
63976.54  1731571758
63976.69  1731571807
63977.027  1731571921
63977.152  1731571969
63977.547  1731572068
63977.67  1731572117
63981.016  1731572223
63981.145  1731572272
63981.516  1731572378
63981.645  1731572427
63982.008  1731572530
63982.133  1731572577
63982.5  1731572685
63982.625  1731572733
63982.99  1731572835
63983.113  1731572884
63983.445  1731572989
63983.574  1731573038
63983.934  1731573148
63984.062  1731573196
63984.477  1731573298
63984.6  1731573347
63984.91  1731573464
63985.043  1731573512
63985.395  1731573620
63985.535  1731573668
63985.887  1731573774
63986.023  1731573823
63986.41  1731573926
63986.543  1731573973
63987.43  1731574085
63987.562  1731574134
63987.92  1731574238
63988.043  1731574287
63988.383  1731574397
63988.543  1731574446
63988.902  1731574555
63989.035  1731574603
63989.91  1731574707
63990.062  1731574755
63990.684  1731574863
63991.133  1731574911
63991.574  1731575014
63991.703  1731575063
63992.04  1731575165
63992.164  1731575213
63992.56  1731575312
63992.684  1731575361
63993.043  1731575469
63993.164  1731575518
63993.547  1731575620
63993.676  1731575667
63994.066  1731575770
63994.195  1731575819
63997.57  1731575920
63997.695  1731575968
63998.05  1731576075
63998.176  1731576124
63998.56  1731576224
63998.695  1731576272
63999.08  1731576374
63999.203  1731576423
64003.586  1731576534
64003.715  1731576583
64007.098  1731576681
64007.234  1731576729
64007.637  1731576836
64008.066  1731576885
64009.14  1731576993
64009.355  1731577040
64009.664  1731577139
64010.125  1731577188
64010.5  1731577286
64010.637  1731577335
64011.625  1731577443
64011.758  1731577491
64015.055  1731577604
64015.188  1731577651
64015.527  1731577756
64015.656  1731577805
64016.62  1731577923
64016.746  1731577972
64017.08  1731578076
64017.207  1731578124
64017.574  1731578234
64017.695  1731578283
64018.094  1731578388
64018.215  1731578437
64018.58  1731578544
64018.707  1731578593
64019.082  1731578715
64019.207  1731578764
64019.582  1731578867
64019.715  1731578916
64020.117  1731579023
64020.246  1731579071
64023.727  1731579176
64023.887  1731579223
64024.164  1731579329
64024.406  1731579378
64024.684  1731579491
64025.11  1731579539
64025.5  1731579643
64025.63  1731579691
64025.984  1731579790
64026.105  1731579838
64026.438  1731579937
64026.586  1731579986
64027.5  1731580098
64027.63  1731580145
64027.984  1731580249
64028.11  1731580297
64028.484  1731580400
64028.61  1731580448
64028.984  1731580549
64029.11  1731580597
64029.49  1731580709
64029.617  1731580757
64030.5  1731580859
64030.63  1731580907
64031.035  1731581005
64031.168  1731581054
64031.543  1731581159
64031.668  1731581206
64032.004  1731581319
64032.15  1731581368
64032.555  1731581469
64032.688  1731581517
64033.48  1731581619
64033.61  1731581668
64033.945  1731581768
64034.08  1731581815
64034.484  1731581917
64034.617  1731581964
64034.96  1731582069
64035.098  1731582117
64035.453  1731582223
64035.59  1731582272
64036.22  1731582372
64036.41  1731582420
64036.707  1731582522
64036.91  1731582570
64037.19  1731582673
64037.41  1731582721
64037.715  1731582821
64038.16  1731582870
64038.996  1731582973
64039.15  1731583022
64039.516  1731583127
64039.65  1731583175
64040.0  1731583288
64040.13  1731583336
64041.13  1731583443
64041.258  1731583491
64041.65  1731583601
64041.8  1731583650
64042.16  1731583748
64042.29  1731583796
64042.625  1731583900
64042.75  1731583948
64043.105  1731584056
64043.24  1731584104
64043.613  1731584210
64043.74  1731584257
64047.145  1731584368
64047.29  1731584417
64050.64  1731584523
64050.77  1731584571
64054.12  1731584676
64054.27  1731584725
64054.68  1731584828
64054.81  1731584877
64058.152  1731584990
64058.28  1731585039
64058.684  1731585136
64058.81  1731585183
64059.152  1731585292
64059.28  1731585339
64059.656  1731585448
64059.78  1731585497
64060.137  1731585610
64060.27  1731585656
64060.645  1731585757
64060.77  1731585803
64064.137  1731585905
64064.26  1731585952
64064.66  1731586056
64064.812  1731586105
64068.203  1731586211
64068.332  1731586260
64068.703  1731586362
64068.832  1731586410
64069.17  1731586518
64069.3  1731586567
64069.68  1731586678
64069.8  1731586727
64079.188  1731586828
64079.312  1731586877
64079.707  1731586981
64079.832  1731587029
64083.184  1731587145
64083.324  1731587193
64083.71  1731587302
64083.844  1731587350
64087.17  1731587453
64087.305  1731587501
64090.684  1731587612
64090.812  1731587661
64091.2  1731587769
64091.324  1731587816
64091.727  1731587919
64091.855  1731587968
64092.22  1731588070
64092.344  1731588117
64092.684  1731588219
64092.812  1731588266
64093.17  1731588367
64093.293  1731588416
64096.703  1731588522
64096.824  1731588571
64097.18  1731588676
64097.312  1731588723
64097.684  1731588830
64097.812  1731588878
64101.223  1731588978
64101.355  1731589025
64101.734  1731589130
64101.863  1731589177
64102.246  1731589288
64102.375  1731589335
64102.688  1731589437
64102.816  1731589486
64103.242  1731589597
64103.375  1731589645
64103.72  1731589747
64103.855  1731589795
64104.215  1731589904
64104.344  1731589952
64104.703  1731590055
64104.836  1731590104
64105.24  1731590212
64105.363  1731590261
64105.75  1731590365
64105.875  1731590412
64106.234  1731590518
64106.363  1731590566
64106.703  1731590678
64106.836  1731590727
64107.207  1731590834
64107.336  1731590881
64107.723  1731590988
64107.844  1731591037
64108.184  1731591144
64108.316  1731591191
64108.727  1731591302
64108.855  1731591351
64109.195  1731591462
64109.324  1731591510
64109.734  1731591620
64109.875  1731591668
64113.2  1731591776
64113.324  1731591825
64113.66  1731591928
64113.785  1731591977
64114.113  1731592094
64114.234  1731592142
64114.613  1731592244
64114.734  1731592291
64115.13  1731592391
64115.258  1731592439
64115.63  1731592555
64115.758  1731592604
64116.113  1731592707
64116.234  1731592755
64116.566  1731592866
64116.695  1731592913
64116.996  1731593020
64117.125  1731593068
64117.508  1731593176
64117.668  1731593224
64117.984  1731593336
64118.117  1731593385
64118.504  1731593490
64118.645  1731593539
64119.016  1731593640
64119.168  1731593688
64119.523  1731593789
64119.668  1731593838
64119.996  1731593943
64120.125  1731593991
64120.508  1731594097
64120.668  1731594146
64121.01  1731594262
64121.156  1731594310
64121.508  1731594421
64121.676  1731594470
64122.01  1731594572
64122.188  1731594619
64122.836  1731594733
64123.06  1731594781
64123.355  1731594900
64123.8  1731594945
64124.176  1731595056
64124.316  1731595105
64124.688  1731595209
64124.816  1731595257
64125.14  1731595371
64125.266  1731595420
64126.016  1731595536
64126.15  1731595585
64126.516  1731595690
64126.668  1731595738
64127.016  1731595842
64127.15  1731595890
64127.508  1731595998
64127.65  1731596046
64128.02  1731596146
64128.168  1731596194
64128.51  1731596306
64128.637  1731596354
64129.02  1731596467
64129.168  1731596515
64129.523  1731596621
64129.688  1731596669
64130.004  1731596772
64130.15  1731596821
64130.55  1731596922
64130.688  1731596970
64131.035  1731597079
64131.2  1731597127
64131.83  1731597227
64132.06  1731597276
64132.363  1731597385
64132.58  1731597433
64133.645  1731597537
64133.77  1731597586
64134.15  1731597694
64134.29  1731597742
64134.652  1731597845
64134.777  1731597894
64136.652  1731598012
64136.777  1731598061
64137.15  1731598158
64137.277  1731598206
64137.64  1731598309
64137.77  1731598358
64138.137  1731598461
64138.27  1731598509
64138.61  1731598618
64138.74  1731598667
64139.055  1731598776
64139.2  1731598825
64139.543  1731598943
64139.688  1731598990
64140.043  1731599098
64140.2  1731599146
64140.55  1731599254
64140.688  1731599301
64141.06  1731599401
64141.2  1731599447
64141.54  1731599548
64141.68  1731599596
64142.047  1731599700
64142.22  1731599748
64142.87  1731599853
64143.08  1731599901
64143.39  1731600005
64143.58  1731600054
64143.867  1731600158
64144.06  1731600205
64144.367  1731600311
64144.59  1731600359
64144.875  1731600461
64145.07  1731600510
64145.84  1731600622
64146.07  1731600670
64146.38  1731600776
64146.83  1731600825
64147.258  1731600936
64147.38  1731600985
64147.777  1731601086
64147.9  1731601135
64148.293  1731601237
64148.418  1731601285
64148.84  1731601394
64149.13  1731601442
64149.406  1731601552
64149.61  1731601600
64149.895  1731601697
64150.34  1731601744
64150.773  1731601845
64150.9  1731601894
64151.29  1731601993
64151.418  1731602041
64151.824  1731602143
64151.96  1731602191
64152.32  1731602302
64152.46  1731602350
64152.824  1731602465
64152.97  1731602514
64156.68  1731602617
64156.81  1731602663
64157.227  1731602769
64157.36  1731602818
64158.305  1731602919
64158.43  1731602968
64158.79  1731603083
64158.92  1731603132
64159.293  1731603238
64159.42  1731603286
64159.805  1731603388
64159.93  1731603435
64160.344  1731603539
64160.47  1731603588
64160.824  1731603687
64160.95  1731603736
64161.324  1731603841
64161.45  1731603889
64161.816  1731603997
64161.95  1731604045
64162.316  1731604152
64162.44  1731604201
64162.832  1731604309
64162.96  1731604357
64163.31  1731604463
64163.44  1731604511
64166.824  1731604620
64166.95  1731604669
64167.812  1731604773
64167.94  1731604820
64168.29  1731604928
64168.42  1731604976
64168.85  1731605083
64168.98  1731605131
64172.387  1731605249
64172.62  1731605298
64173.066  1731605400
64173.242  1731605449
64173.58  1731605553
64173.71  1731605600
64174.074  1731605705
64174.242  1731605754
64174.87  1731605855
64175.1  1731605904
64175.457  1731606004
64175.64  1731606053
64175.92  1731606157
64176.152  1731606205
64176.52  1731606306
64176.66  1731606354
64177.094  1731606458
64177.293  1731606506
64177.742  1731606613
64177.91  1731606660
64178.316  1731606764
64178.453  1731606812
64181.85  1731606911
64181.98  1731606959
64185.41  1731607063
64185.664  1731607112
64186.367  1731607224
64186.492  1731607273
64186.85  1731607374
64186.973  1731607422
64190.32  1731607536
64190.453  1731607583
64190.88  1731607687
64191.152  1731607735
64191.453  1731607844
64191.652  1731607893
64191.94  1731608000
64192.152  1731608049
64192.48  1731608154
64192.664  1731608202
64193.02  1731608301
64193.164  1731608349
64193.605  1731608453
64193.742  1731608501
64194.117  1731608607
64194.285  1731608653
64194.938  1731608760
64195.387  1731608809
64196.473  1731608918
64196.95  1731608966
64197.4  1731609074
64197.523  1731609123
64208.12  1731609224
64208.285  1731609273
64208.633  1731609375
64208.766  1731609421
64209.12  1731609525
64209.285  1731609572
64209.65  1731609682
64209.844  1731609730
64210.246  1731609826
64210.375  1731609874
64211.35  1731609994
64211.477  1731610042
64211.88  1731610143
64212.004  1731610189
64215.355  1731610299
64215.484  1731610348
64215.89  1731610454
64216.027  1731610502
64216.402  1731610612
64216.535  1731610660
64216.88  1731610761
64217.004  1731610808
64217.395  1731610918
64217.527  1731610967
64217.883  1731611080
64218.008  1731611128
64221.39  1731611238
64221.516  1731611286
64242.895  1731611401
64243.027  1731611448
64243.457  1731611556
64243.58  1731611604
64246.906  1731611723
64247.04  1731611771
64247.414  1731611874
64247.54  1731611922
64247.902  1731612031
64248.027  1731612080
64248.395  1731612186
64248.527  1731612234
64248.887  1731612344
64249.008  1731612392
64249.35  1731612493
64249.48  1731612542
64250.516  1731612653
64250.758  1731612702
64251.035  1731612808
64251.25  1731612856
64251.54  1731612959
64251.99  1731613007
64252.438  1731613108
64252.57  1731613157
64252.93  1731613275
64253.06  1731613324
64253.453  1731613423
64253.58  1731613471
64256.938  1731613574
64257.07  1731613623
64257.438  1731613735
64257.57  1731613783
64257.934  1731613885
64258.07  1731613933
64258.438  1731614041
64258.56  1731614090
64258.96  1731614195
64259.09  1731614244
64259.414  1731614351
64259.54  1731614400
64259.887  1731614502
64260.02  1731614550
64260.332  1731614662
64260.46  1731614711
64260.848  1731614815
64260.98  1731614862
64261.33  1731614972
64261.45  1731615020
64261.844  1731615119
64261.97  1731615168
64262.332  1731615274
64262.46  1731615321
64262.83  1731615421
64262.95  1731615468
64263.836  1731615567
64263.96  1731615615
64264.33  1731615722
64264.45  1731615769
64264.805  1731615876
64264.93  1731615924
64265.277  1731616027
64265.402  1731616075
64265.72  1731616183
64265.85  1731616231
64266.492  1731616331
64266.62  1731616380
64266.945  1731616482
64267.07  1731616531
64267.426  1731616642
64267.55  1731616690
64267.92  1731616796
64268.05  1731616845
64268.42  1731616963
64268.55  1731617010
64268.88  1731617116
64269.01  1731617163
64269.375  1731617267
64269.5  1731617315
64269.855  1731617428
64269.98  1731617476
64270.332  1731617581
64270.46  1731617627
64270.805  1731617735
64270.93  1731617784
64271.32  1731617891
64271.44  1731617938
64271.73  1731618052
64271.86  1731618099
64272.227  1731618209
64272.37  1731618256
64272.715  1731618364
64272.87  1731618413
64273.24  1731618521
64273.37  1731618570
64273.74  1731618678
64273.86  1731618727
64274.23  1731618836
64274.39  1731618883
64275.023  1731618982
64275.223  1731619030
64275.543  1731619137
64275.992  1731619185
64276.832  1731619286
64276.992  1731619335
64277.426  1731619437
64277.55  1731619485
64278.25  1731619604
64278.37  1731619652
64278.723  1731619758
64278.85  1731619807
64279.227  1731619916
64279.37  1731619963
64279.836  1731620060
64279.98  1731620109
64280.95  1731620216
64281.082  1731620264
64281.44  1731620372
64281.57  1731620420
64281.883  1731620526
64282.01  1731620575
64282.35  1731620674
64282.48  1731620722
64282.8  1731620833
64282.934  1731620882
64283.55  1731620995
64283.773  1731621043
64284.055  1731621151
64284.492  1731621200
64284.867  1731621299
64284.992  1731621347
64285.39  1731621447
64285.51  1731621495
64285.914  1731621598
64286.05  1731621647
64286.402  1731621760
64286.53  1731621808
64286.914  1731621914
64287.043  1731621963
64287.375  1731622071
64287.504  1731622119
64287.957  1731622219
64288.082  1731622266
64288.45  1731622371
64288.574  1731622419
64288.902  1731622529
64289.03  1731622577
64289.992  1731622680
64290.12  1731622727
64290.45  1731622829
64290.574  1731622878
64290.926  1731622987
64291.055  1731623034
64291.426  1731623136
64291.555  1731623185
64292.258  1731623289
64292.395  1731623337
64293.01  1731623436
64293.145  1731623485
64293.477  1731623591
64293.6  1731623639
64294.11  1731623748
64294.363  1731623797
64294.63  1731623910
64294.863  1731623957
64295.215  1731624064
64295.383  1731624113
64296.01  1731624214
64296.145  1731624262
64296.57  1731624365
64296.824  1731624414
64297.11  1731624518
64297.305  1731624565
64297.633  1731624678
64298.074  1731624727
64301.49  1731624849
64301.613  1731624896
64302.008  1731624993
64302.133  1731625040
64302.52  1731625145
64302.645  1731625194
64303.03  1731625301
64303.164  1731625348
64303.55  1731625456
64303.684  1731625504
64307.016  1731625607
64307.145  1731625656
64307.547  1731625767
64307.676  1731625814
64308.047  1731625926
64308.176  1731625975
64308.516  1731626082
64308.645  1731626130
64309.03  1731626230
64309.156  1731626279
64309.504  1731626386
64309.625  1731626435
64310.04  1731626539
64310.164  1731626588
64310.54  1731626689
64310.664  1731626737
64314.074  1731626843
64314.324  1731626891
64314.61  1731626991
64314.875  1731627039
64315.156  1731627148
64315.605  1731627197
64316.02  1731627301
64316.145  1731627350
64316.57  1731627458
64316.695  1731627505
64317.035  1731627615
64317.164  1731627664
64317.56  1731627771
64317.695  1731627818
64318.133  1731627919
64318.56  1731627966
64318.953  1731628071
64319.086  1731628120
64319.473  1731628226
64319.594  1731628275
64320.047  1731628381
64320.176  1731628429
64320.56  1731628531
64320.688  1731628580
64321.086  1731628687
64321.316  1731628734
64321.605  1731628841
64321.848  1731628888
64322.13  1731628994
64322.348  1731629043
64322.62  1731629147
64322.855  1731629196
64323.168  1731629302
64323.395  1731629350
64323.668  1731629460
64323.938  1731629508
64324.426  1731629618
64324.555  1731629665
64325.695  1731629775
64325.938  1731629824
64326.625  1731629937
64326.957  1731629984
64327.36  1731630098
64327.49  1731630147
64328.438  1731630253
64328.566  1731630300
64332.453  1731630402
64332.58  1731630450
64332.957  1731630558
64333.086  1731630605
64333.46  1731630711
64333.586  1731630760
64333.953  1731630860
64334.08  1731630909
64335.04  1731631012
64335.168  1731631060
64338.555  1731631172
64338.688  1731631219
64339.062  1731631319
64339.188  1731631368
64339.57  1731631480
64339.707  1731631527
64340.062  1731631633
64340.188  1731631681
64340.594  1731631782
64340.72  1731631830
64344.086  1731631929
64344.22  1731631975
64344.535  1731632075
64344.668  1731632123
64345.04  1731632224
64345.168  1731632273
64345.57  1731632380
64345.7  1731632426
64346.12  1731632531
64346.348  1731632579
64346.64  1731632690
64346.918  1731632738
64347.31  1731632846
64347.47  1731632895
64347.85  1731633006
64347.99  1731633053
64348.36  1731633163
64348.49  1731633210
64349.117  1731633313
64349.25  1731633361
64349.605  1731633460
64349.74  1731633508
64353.133  1731633617
64353.348  1731633666
64353.625  1731633771
64353.75  1731633820
64354.438  1731633925
64354.57  1731633974
64354.953  1731634082
64355.08  1731634131
64355.48  1731634231
64355.61  1731634279
64356.652  1731634386
64356.848  1731634433
64357.125  1731634547
64357.25  1731634594
64361.14  1731634707
64361.37  1731634755
64361.65  1731634863
64361.78  1731634910
64365.656  1731635014
64365.91  1731635063
64366.19  1731635183
64366.63  1731635231
64367.69  1731635334
64367.91  1731635383
64368.188  1731635488
64368.402  1731635536
64368.676  1731635639
64369.14  1731635688
64369.504  1731635796
64369.63  1731635844
64370.023  1731635948
64370.152  1731635995
64371.07  1731636105
64371.2  1731636154
64371.523  1731636256
64371.652  1731636303
64372.027  1731636406
64372.152  1731636455
64372.51  1731636559
64372.64  1731636608
64373.547  1731636713
64373.67  1731636760
64374.03  1731636868
64374.16  1731636915
64374.543  1731637026
64374.67  1731637074
64375.047  1731637175
64375.17  1731637224
64375.55  1731637332
64375.68  1731637381
64376.08  1731637481
64376.203  1731637528
64376.574  1731637636
64376.703  1731637684
64377.57  1731637790
64377.703  1731637837
64378.574  1731637946
64378.71  1731637995
64379.055  1731638104
64379.18  1731638151
64379.53  1731638258
64379.652  1731638307
64380.04  1731638409
64380.16  1731638456
64380.54  1731638559
64380.67  1731638607
64381.582  1731638723
64381.71  1731638769
64382.605  1731638879
64382.73  1731638928
64386.098  1731639041
64386.223  1731639090
64386.62  1731639201
64386.754  1731639250
64390.684  1731639350
64390.812  1731639399
64395.285  1731639498
64395.453  1731639547
64395.797  1731639647
64396.227  1731639696
64399.66  1731639796
64399.785  1731639844
64403.69  1731639958
64403.824  1731640003
64404.145  1731640103
64404.285  1731640151
64404.676  1731640263
64404.805  1731640312
64405.19  1731640429
64405.312  1731640478
64405.684  1731640587
64405.812  1731640635
64411.715  1731640739
64411.844  1731640786
64415.72  1731640894
64415.844  1731640942
64420.312  1731641047
64420.727  1731641095
64422.2  1731641197
64422.324  1731641246
64422.703  1731641365
64423.156  1731641414
64423.473  1731641514
64423.605  1731641563
64424.207  1731641672
64424.336  1731641720
64424.676  1731641821
64424.805  1731641869
64425.176  1731641970
64425.305  1731642017
64428.69  1731642118
64428.816  1731642166
64429.2  1731642273
64429.33  1731642322
64429.742  1731642431
64429.875  1731642478
64434.496  1731642583
64434.625  1731642631
64434.996  1731642737
64435.125  1731642785
64435.74  1731642886
64435.867  1731642935
64436.21  1731643042
64436.336  1731643090
64436.72  1731643199
64436.848  1731643247
64440.207  1731643354
64440.336  1731643403
64444.816  1731643504
64445.246  1731643552
64446.74  1731643677
64446.867  1731643726
64451.336  1731643833
64451.758  1731643882
64452.12  1731643991
64452.25  1731644039
64453.3  1731644140
64453.72  1731644187
64454.8  1731644289
64455.027  1731644338
64455.305  1731644439
64455.73  1731644486
64456.8  1731644592
64457.06  1731644641
64457.34  1731644750
64457.777  1731644798
64458.15  1731644902
64458.277  1731644951
64459.348  1731645054
64459.55  1731645102
64459.84  1731645201
64460.277  1731645250
64461.242  1731645358
64461.37  1731645406
64465.145  1731645517
64465.27  1731645565
64466.164  1731645668
64466.29  1731645716
64466.656  1731645823
64466.79  1731645871
64467.645  1731645977
64467.77  1731646026
64468.633  1731646128
64468.76  1731646177
64469.645  1731646276
64469.77  1731646323
64470.156  1731646431
64470.28  1731646479
64471.168  1731646580
64471.3  1731646629
64471.656  1731646741
64471.78  1731646789
64472.184  1731646899
64472.31  1731646945
64473.133  1731647058
64473.26  1731647106
64473.695  1731647211
64473.82  1731647260
64474.664  1731647358
64474.8  1731647406
64475.85  1731647507
64476.312  1731647555
64476.777  1731647661
64476.91  1731647709
64477.258  1731647812
64477.39  1731647861
64477.785  1731647972
64477.91  1731648020
64482.266  1731648122
64482.39  1731648171
64485.777  1731648279
64485.902  1731648327
64489.316  1731648433
64489.44  1731648479
64489.793  1731648582
64489.92  1731648631
64500.39  1731648741
64500.812  1731648790
64502.086  1731648891
64502.215  1731648940
64502.824  1731649045
64502.953  1731649094
64503.28  1731649194
64503.402  1731649243
64503.79  1731649351
64503.914  1731649400
64504.3  1731649501
64504.42  1731649549
64508.89  1731649663
64509.105  1731649712
64509.38  1731649812
64509.805  1731649861
64510.883  1731649968
64511.105  1731650016
64511.38  1731650120
64511.836  1731650168
64512.844  1731650270
64512.973  1731650317
64516.734  1731650421
64516.863  1731650469
64517.207  1731650570
64517.336  1731650618
64517.727  1731650720
64517.855  1731650768
64518.777  1731650875
64518.906  1731650923
64519.31  1731651026
64519.434  1731651074
64522.824  1731651191
64522.957  1731651239
64523.332  1731651357
64523.457  1731651405
64523.82  1731651508
64523.945  1731651557
64527.414  1731651660
64527.625  1731651707
64527.9  1731651809
64528.137  1731651858
64528.41  1731651969
64528.664  1731652017
64528.938  1731652122
64529.164  1731652168
64529.44  1731652274
64529.926  1731652322
64531.117  1731652422
64531.246  1731652469
64531.88  1731652580
64532.008  1731652628
64535.33  1731652729
64535.457  1731652778
64538.86  1731652880
64538.99  1731652929
64539.332  1731653041
64539.457  1731653089
64539.848  1731653190
64539.977  1731653239
64543.348  1731653348
64543.477  1731653397
64546.85  1731653504
64546.977  1731653552
64547.35  1731653675
64547.477  1731653723
64547.86  1731653828
64547.99  1731653875
64551.344  1731653973
64551.47  1731654020
64551.855  1731654140
64551.977  1731654189
64555.355  1731654294
64555.477  1731654342
64555.766  1731654453
64555.887  1731654501
64556.184  1731654606
64556.31  1731654653
64556.594  1731654765
64556.72  1731654814
64557.004  1731654940
64557.13  1731654988
64557.406  1731655098
64557.547  1731655146
64557.824  1731655253
64557.95  1731655302
64558.234  1731655408
64558.36  1731655456
64558.64  1731655561
64558.77  1731655608
64559.07  1731655709
64559.207  1731655758
64559.477  1731655877
64559.61  1731655925
64559.883  1731656034
64560.008  1731656081
64560.29  1731656193
64560.418  1731656241
64560.703  1731656348
64560.83  1731656397
64561.117  1731656514
64561.25  1731656562
64561.55  1731656668
64561.68  1731656716
64561.953  1731656817
64562.11  1731656866
64562.383  1731656965
64562.508  1731657013
64562.785  1731657126
64562.91  1731657173
64563.188  1731657276
64563.32  1731657324
64563.613  1731657428
64563.74  1731657477
64564.027  1731657580
64564.16  1731657628
64564.438  1731657740
64564.57  1731657789
64564.848  1731657894
64564.98  1731657942
64565.266  1731658048
64565.39  1731658095
64565.67  1731658206
64565.8  1731658252
64566.074  1731658369
64566.2  1731658416
64566.477  1731658517
64566.598  1731658566
64566.88  1731658685
64567.0  1731658733
64567.28  1731658837
64567.41  1731658884
64567.69  1731658992
64567.82  1731659039
64568.094  1731659150
64568.22  1731659197
64568.496  1731659296
64568.62  1731659345
64568.9  1731659450
64569.03  1731659498
64569.305  1731659615
64569.43  1731659664
64569.71  1731659762
64569.84  1731659810
64570.125  1731659915
64570.25  1731659963
64570.56  1731660067
64570.69  1731660116
64570.96  1731660215
64571.11  1731660264
64571.395  1731660365
64571.52  1731660414
64571.797  1731660533
64571.92  1731660582
64572.2  1731660692
64572.332  1731660739
64572.605  1731660844
64572.73  1731660893
64573.035  1731660997
64573.16  1731661045
64573.434  1731661145
64573.57  1731661193
64573.84  1731661300
64573.97  1731661349
64574.25  1731661454
64574.38  1731661502
64574.664  1731661605
64574.79  1731661653
64575.066  1731661767
64575.2  1731661816
64575.473  1731661915
64575.6  1731661964
64575.89  1731662070
64576.02  1731662119
64576.3  1731662225
64576.43  1731662274
64576.72  1731662385
64576.84  1731662433
64577.133  1731662531
64577.26  1731662580
64577.547  1731662679
64577.68  1731662727
64577.953  1731662826
64578.082  1731662874
64578.36  1731662975
64578.492  1731663023
64578.777  1731663128
64578.902  1731663177
64579.184  1731663283
64579.32  1731663331
64579.61  1731663433
64579.73  1731663481
64580.01  1731663589
64580.152  1731663637
64580.42  1731663745
64580.55  1731663794
64580.836  1731663900
64580.96  1731663949
64581.27  1731664055
64581.402  1731664104
64581.703  1731664216
64581.832  1731664264
64582.133  1731664367
64582.26  1731664416
64582.543  1731664533
64582.67  1731664582
64582.94  1731664691
64583.082  1731664740
64583.37  1731664847
64583.5  1731664896
64583.785  1731665005
64583.91  1731665053
64584.19  1731665151
64584.32  1731665200
64584.594  1731665299
64584.723  1731665346
64584.996  1731665457
64585.16  1731665506
64585.445  1731665612
64585.582  1731665659
64585.85  1731665762
64585.98  1731665811
64586.254  1731665921
64586.383  1731665970
64586.664  1731666070
64586.793  1731666119
64587.066  1731666217
64587.203  1731666264
64587.473  1731666369
64587.62  1731666416
64587.895  1731666517
64588.023  1731666565
64588.31  1731666667
64588.44  1731666716
64588.742  1731666822
64588.87  1731666869
64589.152  1731666981
64589.28  1731667028
64589.566  1731667128
64589.69  1731667176
64589.977  1731667285
64590.133  1731667334
64590.414  1731667442
64590.543  1731667490
64590.83  1731667589
64590.953  1731667636
64591.234  1731667735
64591.363  1731667783
64591.66  1731667883
64591.793  1731667931
64592.08  1731668033
64592.203  1731668081
64592.48  1731668182
64592.62  1731668231
64592.89  1731668336
64593.01  1731668384
64593.293  1731668495
64593.42  1731668542
64593.703  1731668643
64593.832  1731668692
64594.12  1731668792
64594.254  1731668840
64594.55  1731668944
64594.684  1731668992
64594.957  1731669099
64595.082  1731669147
64595.36  1731669254
64595.48  1731669302
64595.766  1731669401
64595.89  1731669448
64596.17  1731669559
64596.3  1731669608
64596.594  1731669720
64596.723  1731669768
64596.992  1731669883
64597.133  1731669931
64597.402  1731670040
64597.53  1731670089
64597.816  1731670193
64597.94  1731670240
64598.223  1731670349
64598.35  1731670398
64598.63  1731670497
64598.754  1731670545
64599.043  1731670649
64599.17  1731670698
64599.445  1731670804
64599.582  1731670853
64599.85  1731670964
64599.984  1731671012
64600.266  1731671116
64600.395  1731671164
64600.668  1731671263
64600.793  1731671312
64601.11  1731671417
64601.242  1731671465
64601.516  1731671575
64601.67  1731671624
64601.94  1731671739
64602.074  1731671787
64602.348  1731671889
64602.473  1731671937
64602.766  1731672039
64602.895  1731672087
64603.18  1731672195
64603.305  1731672242
64603.586  1731672344
64603.715  1731672393
64603.99  1731672496
64604.125  1731672543
64604.395  1731672645
64604.523  1731672694
64604.805  1731672803
64604.934  1731672852
64605.223  1731672963
64605.35  1731673011
64605.633  1731673110
64605.76  1731673159
64606.05  1731673262
64606.17  1731673310
64606.453  1731673416
64606.582  1731673462
64606.867  1731673563
64606.992  1731673611
64607.28  1731673712
64607.414  1731673760
64607.71  1731673871
64607.832  1731673919
64608.11  1731674024
64608.234  1731674071
64608.516  1731674176
64608.645  1731674223
64608.918  1731674326
64609.043  1731674374
64609.336  1731674478
64609.465  1731674525
64609.75  1731674630
64609.875  1731674679
64610.164  1731674782
64610.293  1731674830
64610.582  1731674928
64610.715  1731674976
64610.99  1731675082
64611.125  1731675129
64611.395  1731675235
64611.523  1731675282
64611.816  1731675382
64611.945  1731675431
64612.227  1731675535
64612.355  1731675584
64612.63  1731675688
64612.766  1731675736
64613.043  1731675843
64613.164  1731675892
64613.45  1731675988
64613.586  1731676035
64613.938  1731676141
64614.094  1731676190
64614.395  1731676291
64614.523  1731676339
64614.81  1731676445
64614.934  1731676494
64615.215  1731676604
64615.344  1731676653
64615.613  1731676755
64615.746  1731676803
64616.01  1731676912
64616.145  1731676960
64616.426  1731677070
64616.555  1731677118
64616.836  1731677225
64616.965  1731677274
64617.285  1731677382
64617.414  1731677430
64617.695  1731677538
64617.824  1731677587
64618.1  1731677688
64618.234  1731677737
64618.508  1731677842
64618.633  1731677889
64618.914  1731677991
64619.043  1731678040
64619.32  1731678149
64619.445  1731678198
64619.758  1731678300
64619.883  1731678348
64620.164  1731678450
64620.293  1731678499
64620.57  1731678608
64620.695  1731678657
64621.06  1731678762
64621.184  1731678811
64621.457  1731678920
64621.586  1731678968
64621.875  1731679084
64622.004  1731679132
64622.285  1731679234
64622.414  1731679280
64622.695  1731679388
64622.836  1731679436
64623.113  1731679541
64623.234  1731679589
64623.52  1731679691
64623.656  1731679738
64623.926  1731679848
64624.055  1731679896
64624.344  1731680006
64624.477  1731680055
64624.746  1731680160
64624.887  1731680208
64625.17  1731680308
64625.297  1731680356
64625.574  1731680463
64625.707  1731680512
64625.984  1731680614
64626.117  1731680662
64626.395  1731680772
64626.516  1731680820
64626.82  1731680924
64626.945  1731680971
64627.227  1731681083
64627.355  1731681132
64627.637  1731681234
64627.766  1731681283
64628.035  1731681387
64628.164  1731681435
64628.445  1731681537
64628.566  1731681586
64628.844  1731681702
64628.977  1731681750
64629.242  1731681849
64629.375  1731681896
64629.67  1731682001
64629.816  1731682050
64630.16  1731682152
64630.285  1731682200
64630.574  1731682307
64630.707  1731682355
64630.98  1731682469
64631.117  1731682516
64631.4  1731682617
64631.527  1731682666
64631.836  1731682768
64631.965  1731682815
64632.246  1731682926
64632.375  1731682974
64632.664  1731683084
64632.785  1731683133
64633.074  1731683246
64633.207  1731683295
64633.477  1731683396
64633.617  1731683443
64633.902  1731683549
64634.027  1731683596
64634.51  1731683698
64634.637  1731683747
64634.94  1731683858
64635.08  1731683907
64635.355  1731684015
64635.484  1731684063
64635.758  1731684165
64635.887  1731684212
64636.168  1731684320
64636.297  1731684367
64636.58  1731684483
64636.715  1731684532
64636.99  1731684633
64637.125  1731684681
64637.44  1731684784
64637.58  1731684832
64637.895  1731684934
64638.027  1731684983
64638.316  1731685088
64638.445  1731685137
64638.72  1731685253
64638.855  1731685302
64639.13  1731685401
64639.258  1731685450
64639.535  1731685561
64639.668  1731685608
64639.945  1731685719
64640.08  1731685767
64640.355  1731685885
64640.477  1731685934
64640.76  1731686044
64640.887  1731686091
64641.168  1731686197
64641.297  1731686245
64641.574  1731686353
64641.707  1731686402
64641.99  1731686513
64642.117  1731686561
64642.395  1731686659
64642.516  1731686706
64642.816  1731686807
64642.945  1731686856
64643.223  1731686965
64643.367  1731687012
64643.645  1731687124
64643.766  1731687173
64644.047  1731687272
64644.176  1731687321
64644.445  1731687420
64644.58  1731687468
64644.867  1731687568
64644.996  1731687616
64645.273  1731687721
64645.4  1731687770
64645.68  1731687874
64645.81  1731687922
64646.082  1731688028
64646.207  1731688076
64646.484  1731688178
64646.617  1731688226
64646.9  1731688326
64647.027  1731688374
64647.31  1731688475
64647.438  1731688523
64647.72  1731688630
64647.848  1731688677
64648.133  1731688785
64648.266  1731688833
64648.54  1731688938
64648.668  1731688986
64648.953  1731689086
64649.086  1731689135
64649.37  1731689240
64649.496  1731689288
64649.77  1731689415
64649.9  1731689464
64650.176  1731689564
64650.297  1731689612
64650.586  1731689719
64650.72  1731689768
64650.99  1731689878
64651.13  1731689924
64651.402  1731690039
64651.527  1731690087
64651.812  1731690194
64651.938  1731690242
64652.223  1731690363
64652.348  1731690411
64652.63  1731690515
64652.758  1731690563
64653.03  1731690668
64653.168  1731690716
64653.445  1731690818
64653.566  1731690866
64653.867  1731690964
64653.996  1731691012
64654.3  1731691119
64654.43  1731691167
64654.715  1731691269
64654.84  1731691318
64655.125  1731691427
64655.25  1731691475
64655.527  1731691578
64655.727  1731691626
64656.0  1731691730
64656.13  1731691778
64656.402  1731691883
64656.527  1731691932
64656.82  1731692041
64656.95  1731692089
64657.227  1731692192
64657.36  1731692240
64657.64  1731692344
64657.77  1731692393
64658.04  1731692500
64658.18  1731692548
64658.45  1731692663
64658.58  1731692711
64658.848  1731692821
64658.977  1731692868
64659.27  1731692972
64659.4  1731693020
64659.67  1731693120
64659.797  1731693168
64660.074  1731693271
64660.2  1731693319
64660.477  1731693419
64660.61  1731693468
64660.883  1731693571
64661.008  1731693619
64661.29  1731693722
64661.418  1731693769
64661.7  1731693875
64661.83  1731693923
64662.1  1731694025
64662.23  1731694073
64662.5  1731694174
64662.63  1731694223
64662.906  1731694333
64663.04  1731694382
64663.316  1731694482
64663.438  1731694530
64663.72  1731694636
64663.848  1731694684
64664.125  1731694792
64664.25  1731694839
64664.535  1731694947
64664.668  1731694996
64664.95  1731695108
64665.07  1731695157
64665.38  1731695259
64665.508  1731695308
64665.785  1731695417
64665.918  1731695465
64666.22  1731695572
64666.34  1731695620
64666.633  1731695720
64666.758  1731695769
64667.035  1731695869
64667.168  1731695918
64667.45  1731696020
64667.58  1731696068
64667.883  1731696168
64668.008  1731696216
64668.297  1731696317
64668.418  1731696364
64668.703  1731696466
64668.83  1731696515
64669.12  1731696623
64669.25  1731696671
64669.52  1731696779
64669.65  1731696828
64669.926  1731696938
64670.06  1731696986
64670.39  1731697092
64670.52  1731697140
64670.79  1731697238
64670.918  1731697284
64671.2  1731697384
64671.33  1731697433
64671.613  1731697544
64671.75  1731697591
64672.02  1731697692
64672.15  1731697740
64672.434  1731697839
64672.56  1731697887
64672.844  1731697992
64672.97  1731698041
64673.242  1731698141
64673.37  1731698190
64673.64  1731698291
64673.77  1731698337
64674.043  1731698439
64674.19  1731698488
64674.465  1731698592
64674.59  1731698639
64674.875  1731698739
64675.0  1731698788
64675.28  1731698894
64675.41  1731698943
64675.695  1731699049
64675.82  1731699097
64676.117  1731699208
64676.26  1731699257
64676.547  1731699365
64676.68  1731699412
64676.953  1731699518
64677.082  1731699566
64677.375  1731699675
64677.5  1731699724
64677.78  1731699825
64677.91  1731699873
64678.19  1731699976
64678.32  1731700024
64678.6  1731700128
64678.742  1731700175
64679.023  1731700288
64679.152  1731700337
64679.445  1731700439
64679.57  1731700487
64679.844  1731700605
64679.97  1731700652
64680.254  1731700766
64680.38  1731700815
64680.69  1731700924
64680.82  1731700973
64681.105  1731701086
64681.242  1731701133
64681.51  1731701233
64681.64  1731701281
64681.918  1731701383
64682.04  1731701431
64682.316  1731701545
64682.44  1731701594
64682.723  1731701693
64682.85  1731701741
64683.13  1731701845
64683.26  1731701893
64683.55  1731701995
64683.69  1731702043
64683.96  1731702142
64684.09  1731702190
64684.37  1731702300
64684.5  1731702349
64684.777  1731702455
64684.902  1731702504
64685.184  1731702614
64685.312  1731702662
64685.594  1731702769
64685.73  1731702817
64686.004  1731702919
64686.133  1731702967
64686.42  1731703071
64686.55  1731703118
64686.83  1731703225
64686.96  1731703274
64687.242  1731703388
64687.37  1731703436
64687.652  1731703545
64687.793  1731703593
64688.062  1731703695
64688.203  1731703743
64688.473  1731703861
64688.6  1731703910
64688.88  1731704017
64689.01  1731704065
64689.28  1731704164
64689.41  1731704212
64689.688  1731704316
64689.812  1731704364
64690.094  1731704466
64690.223  1731704514
64690.504  1731704622
64690.633  1731704670
64690.914  1731704773
64691.043  1731704822
64691.316  1731704929
64691.44  1731704976
64691.723  1731705084
64691.85  1731705132
64692.13  1731705240
64692.26  1731705287
64692.53  1731705391
64692.66  1731705438
64692.94  1731705546
64693.07  1731705595
64693.35  1731705706
64693.473  1731705754
64693.758  1731705855
64693.89  1731705903
64694.176  1731706002
64694.312  1731706049
64694.582  1731706161
64694.723  1731706210
64694.996  1731706309
64695.12  1731706358
64695.406  1731706468
64695.53  1731706517
64695.812  1731706622
64695.94  1731706671
64696.215  1731706776
64696.344  1731706824
64696.625  1731706924
64696.754  1731706973
64697.027  1731707077
64697.164  1731707125
64697.438  1731707238
64697.562  1731707287
64697.85  1731707388
64697.98  1731707436
64698.258  1731707553
64698.383  1731707601
64698.668  1731707710
64698.793  1731707757
64699.066  1731707861
64699.19  1731707909
64699.47  1731708014
64699.594  1731708061
64699.867  1731708169
64699.992  1731708217
64700.28  1731708330
64700.402  1731708377
64700.68  1731708487
64700.8  1731708536
64701.082  1731708647
64701.21  1731708695
64701.484  1731708797
64701.613  1731708844
64701.89  1731708956
64702.023  1731709003
64702.312  1731709107
64702.44  1731709156
64702.727  1731709265
64702.85  1731709313
64703.125  1731709416
64703.254  1731709464
64703.523  1731709569
64703.652  1731709616
64703.92  1731709731
64704.043  1731709779
64704.33  1731709884
64704.453  1731709932
64704.742  1731710037
64704.87  1731710085
64705.14  1731710188
64705.273  1731710236
64705.56  1731710340
64705.684  1731710386
64705.97  1731710498
64706.094  1731710546
64706.375  1731710649
64706.504  1731710697
64706.777  1731710803
64706.902  1731710852
64707.184  1731710954
64707.305  1731711003
64707.582  1731711116
64707.723  1731711165
64708.0  1731711267
64708.125  1731711316
64708.414  1731711421
64708.543  1731711470
64708.816  1731711570
64708.94  1731711619
64709.223  1731711723
64709.344  1731711770
64709.625  1731711887
64709.754  1731711935
64710.03  1731712038
64710.17  1731712087
64710.47  1731712201
64710.594  1731712249
64710.87  1731712350
64710.992  1731712398
64711.277  1731712502
64711.402  1731712550
64711.676  1731712651
64711.805  1731712699
64712.08  1731712809
64712.203  1731712858
64712.49  1731712963
64712.613  1731713010
64712.895  1731713113
64713.023  1731713161
64713.293  1731713267
64713.42  1731713316
64713.695  1731713424
64713.824  1731713473
64714.098  1731713579
64714.242  1731713628
64714.51  1731713733
64714.645  1731713781
64714.93  1731713892
64715.055  1731713941
64715.332  1731714043
64715.453  1731714091
64715.734  1731714192
64715.863  1731714240
64716.14  1731714342
64716.266  1731714391
64716.543  1731714500
64716.676  1731714548
64716.953  1731714656
64717.086  1731714704
64717.37  1731714807
64717.496  1731714855
64717.773  1731714955
64717.906  1731715004
64718.188  1731715107
64718.324  1731715155
64718.598  1731715257
64718.734  1731715306
64719.01  1731715409
64719.133  1731715455
64719.414  1731715582
64719.543  1731715630
64719.82  1731715741
64719.945  1731715789
64720.223  1731715901
64720.355  1731715949
64720.668  1731716064
64720.793  1731716111
64721.066  1731716221
64721.195  1731716268
64721.48  1731716367
64721.605  1731716414
64721.9  1731716524
64722.023  1731716572
64722.3  1731716674
64722.426  1731716723
64722.758  1731716827
64722.883  1731716874
64723.25  1731716977
64723.375  1731717024
64723.664  1731717130
64723.793  1731717179
64724.07  1731717290
64724.215  1731717339
64724.492  1731717447
64724.613  1731717495
64724.895  1731717601
64725.023  1731717650
64725.3  1731717758
64725.434  1731717804
64725.71  1731717919
64725.836  1731717967
64726.11  1731718082
64726.234  1731718130
64726.508  1731718227
64726.637  1731718276
64726.926  1731718390
64727.055  1731718438
64727.33  1731718542
64727.465  1731718591
64727.74  1731718690
64727.863  1731718737
64728.145  1731718845
64728.273  1731718891
64728.543  1731718989
64728.676  1731719036
64728.95  1731719145
64729.074  1731719193
64729.363  1731719302
64729.496  1731719351
64729.777  1731719457
64729.906  1731719505
64730.184  1731719603
64730.316  1731719650
64730.68  1731719761
64730.805  1731719809
64731.08  1731719909
64731.215  1731719957
64731.484  1731720057
64731.617  1731720105
64731.89  1731720208
64732.016  1731720256
64732.297  1731720356
64732.426  1731720404
64732.71  1731720508
64732.836  1731720556
64733.113  1731720662
64733.234  1731720710
64733.523  1731720812
64733.645  1731720861
64733.926  1731720971
64734.047  1731721019
64734.324  1731721123
64734.457  1731721170
64734.73  1731721273
64734.855  1731721321
64735.133  1731721423
64735.266  1731721472
64735.535  1731721577
64735.664  1731721625
64735.957  1731721727
64736.086  1731721774
64736.38  1731721878
64736.508  1731721926
64736.785  1731722035
64736.906  1731722084
64737.184  1731722197
64737.305  1731722246
64737.586  1731722347
64737.727  1731722396
64738.0  1731722504
64738.125  1731722552
64738.406  1731722660
64738.535  1731722709
64738.81  1731722816
64738.938  1731722865
64739.215  1731722972
64739.336  1731723020
64739.613  1731723133
64739.766  1731723182
64740.06  1731723290
64740.188  1731723337
64740.465  1731723443
64740.598  1731723491
64740.87  1731723599
64740.996  1731723648
64741.273  1731723756
64741.406  1731723804
64741.676  1731723902
64741.805  1731723950
64742.082  1731724049
64742.215  1731724097
64742.49  1731724203
64742.617  1731724252
64742.9  1731724357
64743.027  1731724405
64743.324  1731724507
64743.445  1731724556
64743.727  1731724655
64743.855  1731724703
64744.14  1731724801
64744.266  1731724849
64744.543  1731724950
64744.668  1731724998
64744.953  1731725097
64745.086  1731725145
64745.367  1731725252
64745.496  1731725300
64745.777  1731725402
64745.906  1731725451
64746.195  1731725563
64746.316  1731725611
64746.594  1731725709
64746.74  1731725757
64747.008  1731725854
64747.137  1731725902
64747.41  1731726002
64747.54  1731726050
64747.836  1731726162
64747.957  1731726210
64748.234  1731726315
64748.355  1731726364
64748.637  1731726477
64748.766  1731726525
64749.047  1731726637
64749.168  1731726686
64749.45  1731726790
64749.58  1731726838
64749.85  1731726943
64749.977  1731726992
64750.258  1731727098
64750.387  1731727146
64750.695  1731727249
64750.816  1731727297
64751.094  1731727399
64751.227  1731727447
64751.496  1731727548
64751.63  1731727597
64751.902  1731727707
64752.027  1731727755
64752.375  1731727858
64752.496  1731727906
64752.78  1731728006
64752.906  1731728054
64753.188  1731728156
64753.31  1731728205
64753.586  1731728313
64753.72  1731728360
64754.004  1731728462
64754.13  1731728511
64754.41  1731728610
64754.54  1731728656
64754.812  1731728764
64754.938  1731728813
64755.215  1731728914
64755.336  1731728963
64755.617  1731729068
64755.758  1731729116
64756.03  1731729220
64756.156  1731729267
64756.44  1731729364
64756.566  1731729412
64756.844  1731729524
64756.97  1731729572
64757.258  1731729681
64757.38  1731729730
64757.66  1731729843
64757.79  1731729891
64758.062  1731729992
64758.188  1731730041
64758.465  1731730146
64758.59  1731730195
64758.867  1731730294
64758.99  1731730341
64759.27  1731730453
64759.4  1731730502
64759.688  1731730609
64759.81  1731730657
64760.086  1731730765
64760.277  1731730812
64760.562  1731730919
64760.688  1731730968
64760.965  1731731081
64761.098  1731731129
64761.363  1731731232
64761.49  1731731280
64761.77  1731731406
64761.9  1731731455
64762.18  1731731556
64762.31  1731731604
64762.582  1731731705
64762.707  1731731753
64762.992  1731731863
64763.117  1731731912
64763.41  1731732017
64763.54  1731732065
64763.82  1731732169
64763.95  1731732216
64764.227  1731732330
64764.36  1731732378
64764.63  1731732490
64764.758  1731732538
64765.03  1731732638
64765.16  1731732687
64765.453  1731732791
64765.58  1731732838
64765.85  1731732949
64765.98  1731732997
64766.25  1731733106
64766.38  1731733154
64766.656  1731733259
64766.777  1731733306
64767.06  1731733415
64767.188  1731733462
64767.46  1731733561
64767.59  1731733609
64767.863  1731733711
64767.99  1731733758
64768.266  1731733865
64768.4  1731733914
64768.668  1731734014
64768.8  1731734062
64769.074  1731734166
64769.2  1731734213
64769.49  1731734331
64769.61  1731734380
64769.895  1731734486
64770.02  1731734534
64770.297  1731734634
64770.418  1731734683
64770.707  1731734795
64770.83  1731734844
64771.105  1731734956
64771.23  1731735004
64771.508  1731735111
64771.63  1731735160
64771.918  1731735257
64772.04  1731735305
64772.324  1731735410
64772.45  1731735458
64772.73  1731735565
64772.86  1731735614
64773.13  1731735715
64773.29  1731735762
64773.562  1731735865
64773.69  1731735913
64773.973  1731736013
64774.1  1731736060
64774.383  1731736158
64774.508  1731736206
64774.793  1731736306
64774.918  1731736355
64775.19  1731736465
64775.32  1731736513
64775.59  1731736620
64775.73  1731736669
64776.008  1731736769
64776.13  1731736818
64776.414  1731736923
64776.54  1731736972
64776.82  1731737079
64776.95  1731737128
64777.246  1731737235
64777.37  1731737282
64777.65  1731737391
64777.78  1731737439
64778.055  1731737546
64778.18  1731737594
64778.484  1731737699
64778.61  1731737748
64778.895  1731737860
64779.02  1731737908
64779.316  1731738005
64779.45  1731738053
64779.723  1731738153
64779.85  1731738202
64780.12  1731738305
64780.28  1731738353
64780.586  1731738461
64780.72  1731738510
64780.996  1731738625
64781.13  1731738674
64781.484  1731738781
64781.61  1731738829
64781.895  1731738942
64782.02  1731738991
64782.293  1731739094
64782.42  1731739143
64782.707  1731739246
64782.832  1731739295
64783.11  1731739402
64783.242  1731739449
64783.52  1731739554
64783.652  1731739602
64783.93  1731739704
64784.05  1731739752
64784.367  1731739862
64784.492  1731739910
64784.777  1731740020
64784.902  1731740067
64785.18  1731740184
64785.332  1731740232
64785.6  1731740337
64785.73  1731740385
64786.01  1731740485
64786.14  1731740534
64786.414  1731740639
64786.54  1731740686
64786.824  1731740800
64786.95  1731740846
64787.23  1731740949
64787.36  1731740998
64787.64  1731741103
64787.79  1731741151
64788.062  1731741252
64788.19  1731741300
64788.48  1731741403
64788.61  1731741451
64788.9  1731741557
64789.02  1731741604
64789.32  1731741707
64789.45  1731741756
64789.734  1731741863
64789.86  1731741911
64790.137  1731742012
64790.3  1731742061
64790.582  1731742168
64790.71  1731742216
64790.996  1731742316
64791.12  1731742363
64791.41  1731742467
64791.53  1731742513
64791.816  1731742614
64791.94  1731742662
64792.223  1731742773
64792.35  1731742822
64792.62  1731742934
64792.75  1731742983
64793.02  1731743085
64793.152  1731743134
64793.426  1731743237
64793.55  1731743285
64793.83  1731743385
64793.953  1731743432
64794.24  1731743532
64794.363  1731743581
64794.637  1731743694
64794.773  1731743742
64795.043  1731743849
64795.17  1731743898
64795.457  1731744002
64795.582  1731744051
64795.867  1731744148
64796.0  1731744196
64796.28  1731744297
64796.41  1731744345
64796.68  1731744456
64796.8  1731744504
64797.08  1731744606
64797.21  1731744653
64797.484  1731744759
64797.613  1731744808
64797.89  1731744915
64798.023  1731744963
64798.3  1731745070
64798.434  1731745118
64798.703  1731745221
64798.832  1731745269
64799.11  1731745375
64799.242  1731745423
64799.52  1731745528
64799.64  1731745576
64799.93  1731745680
64800.062  1731745729
64800.336  1731745843
64800.46  1731745891
64800.742  1731745991
64800.87  1731746039
64801.14  1731746140
64801.26  1731746189
64801.54  1731746300
64801.67  1731746347
64801.957  1731746459
64802.082  1731746506
64802.367  1731746607
64802.492  1731746655
64802.812  1731746760
64802.94  1731746807
64803.21  1731746914
64803.344  1731746963
64803.62  1731747071
64803.754  1731747120
64804.02  1731747233
64804.14  1731747282
64804.418  1731747393
64804.543  1731747441
64804.824  1731747539
64804.953  1731747588
64805.227  1731747698
64805.35  1731747745
64805.625  1731747852
64805.754  1731747899
64806.05  1731748010
64806.17  1731748058
64806.453  1731748156
64806.582  1731748204
64806.86  1731748317
64806.992  1731748365
64807.266  1731748465
64807.395  1731748514
64807.668  1731748622
64807.793  1731748670
64808.082  1731748776
64808.203  1731748824
64808.5  1731748930
64808.633  1731748979
64808.906  1731749095
64809.03  1731749141
64809.31  1731749240
64809.434  1731749287
64809.71  1731749397
64809.844  1731749445
64810.117  1731749555
64810.242  1731749603
64810.516  1731749714
64810.645  1731749763
64810.926  1731749866
64811.055  1731749915
64811.332  1731750016
64811.465  1731750064
64811.73  1731750164
64811.85  1731750213
64812.133  1731750317
64812.26  1731750365
64812.55  1731750465
64812.67  1731750514
64812.953  1731750618
64813.082  1731750666
64813.383  1731750790
64813.51  1731750839
64813.793  1731750947
64813.914  1731750996
64814.19  1731751101
64814.324  1731751150
64814.605  1731751252
64814.734  1731751301
64815.016  1731751403
64815.145  1731751450
64815.438  1731751555
64815.582  1731751604
64815.863  1731751707
64815.992  1731751756
64816.27  1731751859
64816.395  1731751907
64816.67  1731752011
64816.793  1731752060
64817.08  1731752163
64817.203  1731752211
64817.484  1731752312
64817.613  1731752360
64817.89  1731752462
64818.023  1731752511
64818.297  1731752614
64818.426  1731752662
64818.695  1731752764
64818.844  1731752813
64819.12  1731752914
64819.242  1731752963
64819.523  1731753067
64819.652  1731753113
64819.92  1731753230
64820.055  1731753279
64820.324  1731753386
64820.453  1731753434
64820.727  1731753533
64820.855  1731753581
64821.125  1731753689
64821.254  1731753737
64821.53  1731753841
64821.652  1731753890
64821.93  1731754004
64822.055  1731754053
64822.332  1731754160
64822.453  1731754207
64822.742  1731754317
64822.863  1731754366
64823.14  1731754470
64823.266  1731754518
64823.547  1731754620
64823.676  1731754667
64823.95  1731754768
64824.074  1731754816
64824.36  1731754920
64824.484  1731754967
64824.773  1731755079
64824.906  1731755128
64825.17  1731755234
64825.305  1731755282
64825.586  1731755395
64825.715  1731755444
64825.992  1731755548
64826.125  1731755596
64826.402  1731755701
64826.535  1731755749
64826.8  1731755854
64826.934  1731755903
64827.203  1731756011
64827.336  1731756059
64827.605  1731756166
64827.734  1731756215
64828.004  1731756323
64828.137  1731756372
64828.406  1731756472
64828.535  1731756520
64828.832  1731756623
64828.953  1731756672
64829.23  1731756770
64829.363  1731756818
64829.637  1731756928
64829.766  1731756976
64830.05  1731757084
64830.176  1731757132
64830.45  1731757237
64830.574  1731757285
64830.855  1731757394
64830.984  1731757443
64831.26  1731757545
64831.387  1731757593
64831.66  1731757707
64831.785  1731757755
64832.062  1731757870
64832.184  1731757917
64832.457  1731758026
64832.586  1731758074
64832.87  1731758182
64832.996  1731758231
64833.273  1731758341
64833.395  1731758389
64833.676  1731758498
64833.805  1731758546
64834.074  1731758656
64834.207  1731758705
64834.48  1731758817
64834.605  1731758865
64834.883  1731758966
64835.016  1731759013
64835.293  1731759123
64835.426  1731759170
64835.695  1731759278
64835.824  1731759326
64836.098  1731759433
64836.227  1731759482
64836.504  1731759587
64836.625  1731759634
64836.906  1731759734
64837.035  1731759781
64837.324  1731759885
64837.457  1731759934
64837.727  1731760045
64837.855  1731760094
64838.145  1731760196
64838.277  1731760245
64838.55  1731760356
64838.688  1731760404
64838.953  1731760517
64839.086  1731760563
64839.36  1731760672
64839.484  1731760720
64839.76  1731760835
64839.887  1731760883
64840.164  1731760994
64840.297  1731761043
64840.566  1731761152
64840.695  1731761200
64840.977  1731761304
64841.105  1731761353
64841.383  1731761461
64841.508  1731761510
64841.812  1731761612
64841.945  1731761660
64842.22  1731761766
64842.348  1731761815
64842.62  1731761926
64842.746  1731761973
