1  206.33815
2  13.293167
3  43.863632
4  6.368042
5  10.782379
6  46.00888
7  36.75058
8  9.443024
9  1.3093567
10  45.648987
11  12.875671
12  603.6591
13  0.9624634
14  35.946228
15  156.97327
16  66.74121
17  307.9502
18  78.48743
19  10.138062
20  13.586914
21  32.57483
22  43.151855
23  434.99902
24  36.699707
25  1.5710449
26  1.4875488
27  2.364624
28  2.4655762
29  4.0839844
30  12.652344
31  1.3939209
32  2.6551514
33  4.93396
34  310.19592
35  14.874023
36  0.81640625
37  2.9458008
38  3.027832
39  64.718506
40  302.51904
41  28.975342
42  300.76172
43  14.293457
44  13.00708
45  14.554932
46  11.640137
47  11.675781
48  22.480469
49  17.42456
50  17.163086
51  313.54712
52  12.823242
53  16.699951
54  18.741455
55  15.796387
56  15.861084
57  12.519043
58  86.4292
59  64.9895
60  6.2365723
61  604.43823
62  210.29321
63  5.2280273
64  5.189453
65  28.086426
66  185.7644
67  303.62305
68  2.7666016
69  75.95874
70  12.716553
71  54.387695
72  14.192871
73  0.7919922
74  3.682373
75  0.4580078
76  12.762939
77  44.40869
78  59.895752
79  13.587891
80  13.055176
81  332.16724
82  64.64307
83  178.51465
84  50.6958
85  45.35742
86  31.177734
87  13.638672
88  64.08984
89  604.4121
90  50.479004
91  45.541016
92  57.15918
93  301.833
94  9.968262
95  46.193848
96  45.861816
97  56.70166
98  602.7466
99  28.222168
100  13.012207
101  60.18994
102  47.3916
103  43.92871
104  104.552246
105  54.029785
106  37.57422
107  43.533203
108  46.590332
109  5.64209
110  2.6220703
111  2.1767578
112  13.693848
113  43.94922
114  2.4355469
115  12.654297
116  3.510254
117  48.245117
118  3.0263672
119  9.778809
120  12.779785
121  5.8164062
122  149.5957
123  2.177246
124  2.3691406
125  1202.4199
126  66.646484
127  12.967773
128  12.371582
129  610.05615
130  1.144043
131  471.22852
132  51.652344
133  13.694824
134  13.213379
135  68.78467
136  59.354492
137  78.8042
138  49.7583
139  61.40088
140  49.055176
141  13.15625
142  12.550293
143  75.35791
144  53.444336
145  49.842285
146  47.7041
147  47.958496
148  47.58203
149  49.038574
150  152.91553
151  53.481934
152  14.073242
153  13.736816
154  53.106934
155  34.679688
156  12.949707
157  14.825684
158  59.140625
159  54.061523
160  58.271973
161  48.344727
162  52.1416
163  54.103516
164  12.845215
165  118.927246
166  53.19873
167  30.433594
168  74.45996
169  3.0327148
170  1204.1299
171  2.9746094
172  51.160645
173  23.760254
174  161.71484
175  48.284668
176  45.0542
177  7.416992
178  82.004395
179  49.77246
180  46.65332
181  16.41504
182  48.495605
183  12.688477
184  49.824707
185  309.18994
186  52.43994
187  47.86133
188  22.597656
189  604.4907
190  11.493164
191  15.289551
192  13.142578
193  93.70215
194  62.46826
195  49.822754
196  58.799805
197  82.25391
198  13.34375
199  50.564453
200  47.674316
201  303.52637
202  300.74365
203  383.69727
204  48.339844
205  43.0791
206  14.864258
207  3.6152344
208  46.097656
209  5.0810547
210  301.438
211  2.8398438
212  0.24316406
213  51.72168
214  961.74805
215  98.64746
216  48.722656
217  13.192383
218  14.067383
219  0.8671875
220  48.558594
221  47.450195
222  301.333
223  302.0713
224  129.64062
225  302.11816
226  94.043945
227  49.59961
228  47.73242
229  606.1416
230  69.23535
231  45.916016
232  48.345703
233  46.260742
234  9.950195
235  46.575195
236  0.36132812
237  0.5419922
238  1.9023438
239  2.7675781
240  3.1152344
241  51.370117
242  2.3486328
243  15.700195
244  13.594727
245  13.62207
246  121.79883
247  153.00293
248  58.38379
249  605.1572
250  2.8085938
251  15.405273
252  13.103516
253  31.074219
254  2.5292969
255  151.4541
256  603.72266
257  16.0
258  5.852539
259  13.139648
260  28.938477
261  326.29688
262  12.939453
263  330.3252
264  13.000977
265  72.87012
266  602.98145
267  316.5381
268  22.379883
269  303.98145
270  72.913086
271  13.579102
272  2.8486328
273  12.6015625
274  602.4912
275  100.384766
276  154.30469
277  311.88184
278  23.59961
279  28.125
280  13.560547
281  355.75195
282  63.80664
283  302.65625
284  314.47168
285  89.87207
286  65.24609
287  22.345703
288  47.9834
289  43.500977
290  13.623047
291  12.481445
292  17.91504
293  107.93848
294  300.19238
295  6.1884766
296  19.851562
297  35.095703
298  12.59082
299  62.563477
300  602.99316
301  346.5625
302  13.693359
303  3.0546875
304  468.88574
305  311.86426
306  1.6884766
307  12.795898
308  12.374023
309  79.677734
310  104.64844
311  47.320312
312  606.09863
313  307.16797
314  603.69336
315  13.142578
316  3.4208984
317  12.71582
318  4.368164
319  1066.7988
320  302.51758
321  2.6171875
322  133.97363
323  12.8984375
324  12.717773
325  307.01953
326  13.091797
327  12.408203
328  3.328125
329  97.29492
330  474.29102
331  2.125
332  41.876953
333  308.51562
334  73.23828
335  47.37793
336  15.231445
337  12.717773
338  602.7041
339  1.1582031
340  83.88574
341  8.006836
342  230.52246
343  4.428711
344  4.6103516
345  602.9297
346  1.0087891
347  306.8838
348  14.955078
349  300.9336
350  2.2792969
351  271.12305
352  610.32324
353  27.745117
354  9.644531
355  191.46094
356  63.54004
357  536.5469
358  255.44434
359  12.376953
360  6.328125
361  5.939453
362  2.6728516
363  5.208008
364  29.891602
365  43.26172
366  2.1416016
367  6.8710938
368  3.7988281
369  10.430664
370  18.578125
371  2.6367188
372  175.25586
373  45.822266
374  448.10156
375  474.11816
376  294.43066
377  303.95605
378  16.132812
379  602.88184
380  1.8085938
381  10.029297
382  606.1836
383  6.9902344
384  2.7441406
385  3.0761719
386  35.373047
387  20.839844
388  8.005859
389  72.94922
390  3.7421875
391  3.7421875
392  3.0761719
393  3.2773438
394  3.3144531
395  4.6347656
396  9.548828
397  3.3574219
398  3.3574219
399  3.3554688
400  3.2402344
401  12.9375
402  12.933594
403  12.9296875
404  12.720703
405  62.05078
406  15.919922
407  64.91016
408  17.201172
409  31.128906
410  217.92383
411  3.0332031
412  304.3125
413  641.69336
414  637.0488
415  636.8906
416  635.37305
417  41.53711
418  475.25195
419  64.865234
420  44.70508
421  13.746094
422  606.20703
423  4.9628906
424  602.79297
425  281.20508
426  37.441406
427  604.4453
428  604.3594
429  5.017578
430  64.046875
431  102.75391
432  603.2031
433  603.97656
434  8.90625
435  7.9335938
436  1683.0195
437  905.6543
438  8.318359
439  2.6074219
440  2.6035156
441  65.88672
442  604.3906
443  2.0390625
444  2.3007812
445  4.0546875
446  93.19922
447  300.38867
448  53.54492
449  3.2675781
450  603.62305
451  63.878906
452  604.7324
453  4.28125
454  665.2617
455  660.5254
456  17.28125
457  604.33203
458  3.4316406
459  4.7089844
460  1.921875
461  603.2637
462  64.50391
463  27.542969
464  57.96289
465  152.61719
466  77.828125
467  147.40625
468  62.11914
469  45.867188
470  51.621094
471  58.183594
472  603.1367
473  65.53516
474  34.23633
475  2.2402344
476  8.6875
477  1.7519531
478  2.2910156
479  3.9980469
480  405.51172
481  29.054688
482  60.84961
483  184.99219
484  10.308594
485  2.0175781
486  2.0117188
487  64.33984
488  299.83594
489  299.83594
490  7.435547
491  606.1367
492  3.9902344
493  608.08203
494  604.51953
495  3.0625
496  14.0625
497  6.7871094
498  57.990234
499  33.939453
500  10.378906
501  63.80664
502  22.654297
503  300.06055
504  63.416016
505  70.94336
506  7.1503906
507  3.8203125
508  187.66992
509  173.79297
510  2.7988281
511  247.08008
512  3.1679688
513  603.17773
514  602.50195
515  303.04688
516  25.273438
517  1.6660156
518  1.7539062
519  3.1835938
520  610.71875
521  17.044922
522  4.078125
523  8.220703
524  2.328125
525  1.8808594
526  38.70508
527  29.654297
528  6.8867188
529  301.26367
530  14.669922
531  15.097656
532  19.21289
533  3.4453125
534  15.9765625
535  35.248047
536  10.359375
537  2.7949219
538  2.8027344
539  2.8144531
540  2.8242188
541  2.8515625
542  1.6152344
543  3.6015625
544  3.7871094
545  72.546875
546  3.8027344
547  3.9472656
548  4.029297
549  7.810547
550  21.939453
551  5.6816406
552  24.449219
553  15.345703
554  15.328125
555  19.164062
556  36.875
557  5.8652344
558  14.6796875
559  15.447266
560  27.697266
561  13.167969
562  15.238281
563  42.421875
564  42.697266
565  3.15625
566  69.46875
567  15.158203
568  17.890625
569  36.61133
570  303.5879
571  62.65039
572  6.3691406
573  461.83984
574  34.527344
575  2.6503906
576  303.66602
577  306.21484
578  8.59375
579  8.636719
580  306.6543
581  603.2871
582  604.09375
583  18.640625
584  276.41992
585  604.5215
586  1.5839844
587  604.0215
588  2.875
589  24.115234
590  124.6582
591  2.4765625
592  12.7109375
593  27.976562
594  124.74805
595  1.4433594
596  1.7597656
597  3.1738281
598  308.20312
599  64.86133
600  160.54688
601  4.8339844
602  571.2031
603  88.19922
604  306.1211
605  155.6289
606  180.49414
607  602.8047
608  222.19922
609  602.9043
610  1459.4824
611  959.6172
612  605.20703
613  604.89844
614  94.57422
615  63.464844
616  722.7168
617  603.9844
618  62.79492
619  602.86523
620  602.66797
621  924.541
622  43.33203
623  57.964844
624  13.744141
625  11.3671875
626  59.716797
627  1.5410156
628  1.3359375
629  2.2636719
630  3.0351562
631  608.68555
632  19.716797
633  13.798828
634  3.7597656
635  594.27344
636  303.34375
637  261.05273
638  1.1738281
639  352.66797
640  605.27344
641  15.394531
642  1.5390625
643  10.162109
644  12.015625
645  1.2714844
646  1.4824219
647  3.3144531
648  85.42578
649  1.3886719
650  17.617188
651  3.2675781
652  107.24609
653  307.91406
654  236.47461
655  123.28125
656  316.6621
657  300.01758
658  104.396484
659  300.1328
660  342.70703
661  41.421875
662  7.6933594
663  9.654297
664  10.208984
665  7.2304688
666  12.933594
667  1.5410156
668  4.4746094
669  1.5390625
670  3.03125
671  319.6582
672  5.3652344
673  344.51172
674  5.654297
675  242.67578
676  1013.96094
677  301.70508
678  6.6308594
679  7.3007812
680  328.95703
681  1.3613281
682  7.3046875
683  606.3086
684  604.8613
685  64.60742
686  3.7011719
687  84.74805
688  30.042969
689  1.6796875
690  8.9921875
691  603.88477
692  604.88477
693  604.75195
694  15.4921875
695  604.2344
696  36.86914
697  113.484375
698  48.414062
699  65.791016
700  602.8926
701  602.92773
702  301.82422
703  10.693359
704  6.9492188
705  322.60547
706  19.189453
707  303.5586
708  607.55273
709  54.371094
710  5.154297
711  21.269531
712  604.3457
713  14.748047
714  4.2402344
715  50.00586
716  607.7422
717  62.554688
718  7.1191406
719  2.6699219
720  2.5253906
721  0.9765625
722  1.8730469
723  2.1425781
724  1.2636719
725  2.1386719
726  1.2558594
727  2.1308594
728  1.2558594
729  2.3632812
730  30.660156
731  46.566406
732  40.945312
733  24.857422
734  604.0137
735  15.826172
736  0.8359375
737  0.44921875
738  4.1972656
739  3.5703125
740  4.1523438
741  37.38672
742  54.46875
743  3.6757812
744  3.609375
745  3.6445312
746  15.376953
747  1.3027344
748  3.0390625
749  5.3066406
750  8.818359
751  3.6308594
752  2.4414062
753  2.3359375
754  3.359375
755  303.95117
756  29.925781
757  11.046875
758  8.375
759  141.85547
760  7.2070312
761  9.53125
762  1450.3477
763  1033.332
764  155.24219
765  0.2265625
766  604.26953
767  300.16797
768  11.234375
769  12.332031
770  43.070312
771  1.4453125
772  44.58203
773  603.59375
774  4.7148438
775  604.4375
776  78.50391
777  137.24219
778  215.42578
779  87.04297
780  80.92578
781  78.18359
782  78.703125
783  346.66406
784  401.1836
785  1.8867188
786  77.90234
787  6.9492188
788  416.53125
789  77.52344
790  77.97266
791  308.39453
792  9.9296875
793  5.8828125
794  949.0664
795  41.714844
796  78.078125
797  18.046875
798  3.03125
799  313.9336
800  43.070312
801  77.55859
802  0.6796875
803  78.43359
804  36.76172
805  78.98047
806  39.07422
807  502.8047
808  332.1289
809  57.265625
810  237.32422
811  604.83984
812  360.73828
813  63.902344
814  142.65625
815  0.84765625
816  1.7109375
817  0.80859375
818  0.8203125
819  134.19531
820  299.77344
821  300.7539
822  86.35156
823  12.910156
824  1.5234375
825  76.59766
826  3.15625
827  3.90625
828  2.2304688
829  532.3164
830  0.9765625
831  39.496094
832  604.21094
833  46.410156
834  65.09766
835  66.49219
836  87.125
837  12.832031
838  597.1953
839  31.042969
840  299.83594
841  64.5625
842  23.066406
843  64.22266
844  603.3867
845  32.097656
846  18.996094
847  225.26562
848  3.9960938
849  229.7461
850  219.92578
851  210.16797
852  191.69922
853  15.996094
854  300.65234
855  8.9453125
856  603.0664
857  4.9023438
858  14.753906
859  4.015625
860  5.0546875
861  6.5898438
862  301.73828
863  264.9453
864  606.7383
865  20.511719
866  403.16016
867  607.66406
868  16.441406
869  3.6835938
870  605.75
871  1.9101562
872  31.519531
873  2.96875
874  16.003906
875  15.996094
876  16.003906
877  301.35547
878  15.9921875
879  16.0
880  3.0273438
881  4.609375
882  11.136719
883  13.2265625
884  16.007812
885  3.4414062
886  6.4609375
887  4.6054688
888  5.484375
889  51.57422
890  65.61328
891  16.003906
892  63.785156
893  16.0
894  603.9961
895  6.2890625
896  63.171875
897  369.48438
898  15.996094
899  1.8789062
900  604.8281
901  2.9882812
902  16.0
903  130.25
904  1252.5352
905  907.1992
906  614.7344
907  2.6289062
908  63.390625
909  16.007812
910  16.0
911  16.0
912  16.003906
913  48.984375
914  2.4023438
915  347.9961
916  16.0
917  604.7539
918  11.683594
919  302.47656
920  574.15234
921  48.960938
922  603.2422
923  303.46094
924  620.23047
925  66.42578
926  16.0
927  335.51562
928  22.359375
929  2.9804688
930  27.9375
931  302.22266
932  302.6797
933  11.003906
934  7.21875
935  7.6445312
936  7.4726562
937  7.015625
938  11.363281
939  17.25
940  17.253906
941  17.257812
942  62.398438
943  3.21875
944  4.3085938
945  15.988281
946  336.5703
947  0.2734375
948  0.89453125
949  16.523438
950  2.2773438
951  15.996094
952  16.003906
953  16.003906
954  604.6328
955  3.8867188
956  38.90625
957  603.6914
958  602.9961
959  16.0
960  16.0
961  604.2656
962  600.21875
963  9.4140625
964  16.0
965  612.1406
966  3.03125
967  1.0429688
968  905.09375
969  604.1719
970  2.3164062
971  2.7539062
972  3.796875
973  1.875
974  63.773438
975  138.32422
976  2.9960938
977  170.78516
978  6.3828125
979  3.265625
980  2.9726562
981  21.796875
982  17.433594
983  5.71875
984  5.0625
985  11.1328125
986  8.160156
987  4.1328125
988  7.4726562
989  427.17188
990  6.5078125
991  30.410156
992  33.570312
993  2.1210938
994  71.53516
995  25.007812
996  8.3828125
997  16.179688
998  3.5
999  7.9492188
1000  20.882812
1001  7.4257812
1002  62.414062
1003  603.90234
1004  5.25
1005  4.9023438
1006  58.753906
1007  54.878906
1008  11.933594
1009  3.7539062
1010  5.1289062
1011  8.96875
1012  77.078125
1013  19.355469
1014  24.691406
1015  1.640625
1016  8.277344
1017  46.671875
1018  22.835938
1019  13.613281
1020  96.57031
1021  18.09375
1022  18.515625
1023  39.65625
1024  14.21875
1025  68.58984
1026  15.277344
1027  5.1445312
1028  360.57812
1029  262.39062
1030  26.890625
1031  3.9609375
1032  2.3164062
1033  0.28125
1034  10.4140625
1035  2.3164062
1036  2.5664062
1037  604.65234
1038  3.6523438
1039  12.449219
1040  6.4804688
1041  10.355469
1042  6.1796875
1043  6.3398438
1044  62.36328
1045  7.2421875
1046  6.4101562
1047  9.890625
1048  5.9609375
1049  5.3398438
1050  6.2773438
1051  8.1796875
1052  6.1679688
1053  5.7421875
1054  5.8515625
1055  6.6289062
1056  604.0508
1057  6.421875
1058  7.1289062
1059  146.28125
1060  10.96875
1061  11.527344
1062  92.359375
1063  51.296875
1064  101.46094
1065  1.3710938
1066  17.070312
1067  607.53906
1068  396.58203
1069  184.74219
1070  129.7539
1071  51.117188
1072  48.40625
1073  604.3203
1074  62.972656
1075  326.66016
1076  18.617188
1077  9.238281
1078  101.66016
1079  393.64844
1080  302.1172
1081  30.609375
1082  19.542969
1083  901.9961
1084  606.96484
1085  605.78125
1086  310.28906
1087  14.488281
1088  11.84375
1089  306.9414
1090  14.109375
1091  1.828125
1092  612.02344
1093  2.625
1094  11.6015625
1095  393.39453
1096  346.7461
1097  3.4257812
1098  44.398438
1099  107.859375
1100  1.5195312
1101  1.1289062
1102  6.6953125
1103  4.6171875
1104  2.6289062
1105  16.960938
1106  3.5507812
1107  459.01953
1108  458.1328
1109  8.953125
1110  2.5742188
1111  156.46875
1112  50.617188
1113  9.542969
1114  13.359375
1115  4.3515625
1116  0.90625
1117  12.214844
1118  364.10938
1119  3.0273438
1120  10.515625
1121  630.7969
1122  18.636719
1123  23.296875
1124  13.402344
1125  5.4921875
1126  947.1367
1127  991.8281
1128  8.722656
1129  502.8125
1130  3.4648438
1131  312.72656
1132  3.4648438
1133  1040.207
1134  2.4882812
1135  1.0117188
1136  595.78125
1137  2.125
1138  155.13281
1139  1.8476562
1140  1.265625
1141  1.671875
1142  1.7695312
1143  3.1484375
1144  185.14453
1145  29.027344
1146  167.8125
1147  49.753906
1148  23.542969
1149  70.67578
1150  603.78906
1151  2.265625
1152  8.4609375
1153  353.13672
1154  605.3672
1155  3.2890625
1156  5.1132812
1157  4.0429688
1158  16.445312
1159  64.046875
1160  7.5898438
1161  1.4453125
1162  1.8476562
1163  3.2304688
1164  1.7734375
1165  3.1484375
1166  34.23828
1167  171.7539
1168  3.9296875
1169  604.1875
1170  23.546875
1171  606.27344
1172  166.03516
1173  14.4921875
1174  63.351562
1175  9.746094
1176  355.875
1177  24.390625
1178  301.39062
1179  0.5
1180  0.49609375
1181  0.5
1182  0.49609375
1183  1.8671875
1184  1.8671875
1185  1.8671875
1186  1.9101562
1187  2.6992188
1188  1.5664062
1189  0.44921875
1190  1.6445312
1191  1.9960938
1192  3.234375
1193  0.17578125
1194  0.5234375
1195  47.023438
1196  24.140625
1197  13.7421875
1198  23.570312
1199  322.9375
1200  313.04688
1201  2.0507812
1202  2.0507812
1203  3.0625
1204  604.5547
1205  28.871094
1206  299.94922
1207  45.89453
1208  62.558594
1209  14.140625
1210  148.79688
1211  63.660156
1212  606.5703
1213  64.63281
1214  363.1328
1215  3.1523438
1216  11.8203125
1217  78.59375
1218  308.1953
1219  2.2578125
1220  4.4179688
1221  37.421875
1222  1.7773438
1223  603.5703
1224  0.6484375
1225  603.1953
1226  604.0117
1227  299.6328
1228  9.144531
1229  2.6289062
1230  21.246094
1231  20.988281
1232  20.46875
1233  5.2460938
1234  16.800781
1235  9.1796875
1236  299.40625
1237  300.39844
1238  299.46094
1239  1493.5781
1240  3.2382812
1241  185.61719
1242  604.0469
1243  6.9453125
1244  76.70703
1245  4.28125
1246  17.917969
1247  0.84765625
1248  6.8007812
1249  0.65234375
1250  4.0507812
1251  0.7734375
1252  605.03125
1253  63.63672
1254  6.96875
1255  0.81640625
1256  2.9765625
1257  4.6953125
1258  25.070312
1259  0.953125
1260  0.71875
1261  45.835938
1262  338.51953
1263  4.125
1264  1.265625
1265  604.26953
1266  5.0507812
1267  1.7773438
1268  2.90625
1269  135.7461
1270  11.691406
1271  604.9844
1272  11.277344
1273  12.0703125
1274  2.125
1275  17.140625
1276  4.5898438
1277  5.9257812
1278  20.964844
1279  3.59375
1280  63.226562
1281  126.27344
1282  52.859375
1283  605.8242
1284  912.2461
1285  912.125
1286  912.15234
1287  1.265625
1288  453.58984
1289  64.85156
1290  31.660156
1291  99.921875
1292  105.921875
1293  1203.7227
1294  604.33594
1295  2.4335938
1296  265.65625
1297  63.882812
1298  603.1992
1299  16.417969
1300  1015.5781
1301  60.515625
1302  54.39453
1303  62.679688
1304  3.0546875
1305  128.5664
1306  604.41406
1307  3.3164062
1308  14.441406
1309  3.3242188
1310  2.3125
1311  3.0390625
1312  5.1484375
1313  2.7890625
1314  3.0039062
1315  303.71094
1316  7.625
1317  3.2617188
1318  364.95703
1319  133.625
1320  128.91406
1321  191.57812
1322  8.941406
1323  2.5859375
1324  67.83203
1325  603.4883
1326  1.640625
1327  8.871094
1328  303.71094
1329  14.0859375
1330  8.96875
1331  1.2929688
1332  63.40625
1333  312.39062
1334  608.8828
1335  4.7890625
1336  156.6914
1337  5.8359375
1338  604.15234
1339  603.5625
1340  63.648438
1341  604.2383
1342  26.890625
1343  66.61719
1344  2.5078125
1345  3.78125
1346  3.0625
1347  603.71094
1348  1.4375
1349  603.4375
1350  63.390625
1351  2.640625
1352  14.515625
1353  605.5469
1354  604.1328
1355  0.984375
1356  3.046875
1357  605.375
1358  604.71094
1359  28.226562
1360  4.0703125
1361  0.1796875
1362  290.47656
1363  603.9219
1364  1.359375
1365  12.640625
1366  114.55469
1367  603.22656
1368  41.90625
1369  299.23438
1370  963.2578
1371  962.5781
1372  962.3672
1373  605.7344
1374  2.6328125
1375  3.2890625
1376  606.8672
1377  963.64844
1378  302.08594
1379  604.6328
1380  2.8203125
1381  65.25
1382  50.0
1383  1.546875
1384  3.15625
1385  6.2265625
1386  8.421875
1387  604.9453
1388  332.10156
1389  53.414062
1390  607.46094
1391  609.8906
1392  6.9765625
1393  3.84375
1394  314.07812
1395  8.2578125
1396  210.29688
1397  0.7421875
1398  231.40625
1399  331.78906
1400  45.4375
1401  65.10156
1402  1.1796875
1403  6.5078125
1404  9.0703125
1405  2.546875
1406  618.39844
1407  3.390625
1408  3.0625
1409  4.234375
1410  5.6484375
1411  5.640625
1412  5.59375
1413  5.5859375
1414  3.609375
1415  1053.8047
1416  602.41406
1417  354.46094
1418  62.804688
1419  333.66406
1420  16100.094
1421  5.5859375
1422  319.07812
1423  603.3672
1424  1.671875
1425  38.867188
1426  73.86719
1427  64.14844
1428  0.6484375
1429  218.10938
1430  304.08594
1431  242.61719
1432  1.84375
1433  62.625
1434  3.03125
1435  7.9296875
1436  7.2578125
1437  300.5625
1438  3613.3594
1439  302.96094
1440  338.8828
1441  4.3828125
1442  602.4531
1443  118.375
1444  14.390625
1445  7.328125
1446  302.77344
1447  22.234375
1448  3.3046875
1449  1156.4297
1450  2.5390625
1451  1.4609375
1452  17.835938
1453  2.5859375
1454  63.210938
1455  157.94531
1456  1.671875
1457  342.41406
1458  693.7031
1459  1.546875
1460  63.476562
1461  36.429688
1462  0.625
1463  4.1953125
1464  57.265625
1465  44.109375
1466  25.117188
1467  1701.5391
1468  303.76562
1469  23.414062
1470  312.76562
1471  602.77344
1472  1.375
1473  9.21875
1474  41.648438
1475  2.609375
1476  0.6875
1477  606.97656
1478  64.14844
1479  605.4922
1480  475.5547
1481  604.3281
1482  479.21094
1483  0.5703125
1484  609.58594
1485  603.4922
1486  602.85156
1487  5.9296875
1488  4.6484375
1489  9.2890625
1490  10.546875
1491  602.64844
1492  9.140625
1493  299.15625
1494  79.0
1495  3.8984375
1496  4.21875
1497  3.5078125
1498  3.4296875
1499  8.875
1500  187.39844
1501  7.2578125
1502  3.0234375
1503  33.90625
1504  97.85156
1505  1504.5
1506  604.6328
1507  1503.8438
1508  51.859375
1509  0.25
1510  0.25
1511  1.0625
1512  4.2734375
1513  3.5390625
1514  339.95312
1515  389.10156
1516  138.83594
1517  14.40625
1518  303.41406
1519  432.46875
1520  25.664062
1521  15.2109375
1522  13.7421875
1523  35.445312
1524  64.9375
1525  111.60156
1526  575.8672
1527  314.5547
1528  75.75
1529  3.7109375
1530  7.671875
1531  137.53125
1532  298.6797
1533  10.828125
1534  344.71875
1535  1.625
1536  2.3515625
1537  2.515625
1538  3.71875
1539  3.6328125
1540  1.9921875
1541  418.3828
1542  604.4375
1543  25.210938
1544  558.2031
1545  3.6953125
1546  604.40625
1547  1751.8125
1548  1.421875
1549  1.6171875
1550  3.0703125
1551  63.210938
1552  1.5703125
1553  2.3359375
1554  1.5
1555  3.453125
1556  3.9765625
1557  14.890625
1558  3.359375
1559  13.78125
1560  10.8046875
1561  55.492188
1562  604.52344
1563  63.015625
1564  301.04688
1565  301.07812
1566  10.96875
1567  1.84375
1568  2.6640625
1569  16.179688
1570  17.5
1571  100.203125
1572  12.8828125
1573  62.117188
1574  12.796875
1575  67.24219
1576  13.25
1577  265.25
1578  6.78125
1579  1.25
1580  1.40625
1581  1.9140625
1582  3.0234375
1583  10.0625
1584  12.609375
1585  9.046875
1586  2.5625
1587  17.390625
1588  13.1875
1589  8.375
1590  903.6953
1591  5.96875
1592  12.609375
1593  2.375
1594  602.71094
1595  610.375
1596  1.53125
1597  2.9453125
1598  8.3046875
1599  4.8828125
1600  1.890625
1601  325.07812
1602  13.953125
