1  3.5304718
2  4.8693542
3  5.6523895
4  13.075729
5  12.862045
6  13.041962
7  13.5286255
8  178.22238
9  26.469116
10  20.398132
11  5.1220703
12  12.450989
13  331.37692
14  2.7442627
15  603.1135
16  114.035706
17  101.12189
18  4.0476685
19  6.251465
20  5.1724854
21  65.79877
22  6.123474
23  15.102539
24  12.372009
25  301.42584
26  561.3765
27  602.50946
28  38.506714
29  546.14044
30  13.575928
31  15.373779
32  5.6069336
33  6.194824
34  14.860474
35  36.498657
36  1.5308838
37  1.4519043
38  2.1975098
39  17.62561
40  2.0361328
41  2.361084
42  2.4335938
43  3.501709
44  8.491821
45  5.2160645
46  39.1532
47  2.6677246
48  45.806152
49  2.1402588
50  1.3134766
51  1.6259766
52  2.9221191
53  13.526978
54  14.019409
55  12.404297
56  2.0
57  1.9713135
58  300.7444
59  181.7544
60  1.7172852
61  1.2520752
62  14.312744
63  22.423096
64  16.911255
65  604.49536
66  605.15564
67  314.44812
68  303.15527
69  12.965576
70  303.35132
71  604.4193
72  86.95923
73  0.5124512
74  22.581299
75  4.0341797
76  19.218506
77  13.172363
78  6.0671387
79  59.435303
80  1.9064941
81  3.9169922
82  1.9187012
83  59.496582
84  39.15088
85  13.199951
86  68.93262
87  1.3955078
88  604.4447
89  5.906494
90  18.445557
91  6.740967
92  125.31201
93  90.19971
94  300.7517
95  300.7444
96  28.822266
97  0.63623047
98  13.404541
99  12.607178
100  413.31592
101  382.7544
102  0.56469727
103  44.174072
104  3.041504
105  49.729004
106  35.128662
107  13.348145
108  0.4399414
109  1.6662598
110  126.739746
111  103.59766
112  1.7912598
113  14.485596
114  11.400635
115  305.64185
116  307.15356
117  65.526855
118  162.82983
119  231.08691
120  66.84839
121  311.95825
122  271.15942
123  300.63452
124  13.1936035
125  605.9856
126  285.67847
127  3861.8213
128  64.78882
129  46.041992
130  25.457031
131  39.990723
132  139.5647
133  65.043945
134  13.404785
135  13.566406
136  607.1465
137  1034.0122
138  164.34473
139  26.814453
140  1.5625
141  181.12988
142  2.2617188
143  9.7421875
144  12.897949
145  303.9497
146  2.7324219
147  303.1504
148  230.87207
149  6.9716797
150  10.774902
151  1211.6614
152  3.1796875
153  3.5322266
154  1.7695312
155  6.088379
156  300.05566
157  127.79053
158  4.3168945
159  75.78076
160  35.98047
161  5.604004
162  314.5669
163  5.184082
164  4.79541
165  3.755371
166  4.2246094
167  604.3081
168  902.4861
169  4.083496
170  14.5
171  604.917
172  12.588867
173  2.590332
174  324.93848
175  4.6435547
176  606.1631
177  304.08984
178  2.8671875
179  6.9882812
180  2.6367188
181  136.2998
182  11.168945
183  64.53613
184  13.702637
185  604.938
186  16.98877
187  537.4238
188  12.877441
189  603.95166
190  5.8100586
191  4.086914
192  942.5459
193  74.3457
194  4.9228516
195  10.109863
196  2.331543
197  1.7172852
198  12.8125
199  12.388184
200  1.1630859
201  604.4956
202  1.5761719
203  605.2876
204  1390.8833
205  13.186035
206  306.11768
207  300.6538
208  605.61084
209  28.59668
210  601.2822
211  12.936523
212  1.3500977
213  0.56396484
214  36.02002
215  59.436035
216  13.731445
217  12.78125
218  2.3027344
219  1.4931641
220  2.7294922
221  3.7368164
222  177.37842
223  214.8081
224  1009.35156
225  13.135742
226  13.490723
227  304.37793
228  301.63184
229  12.716797
230  7.602539
231  12.969238
232  3.0307617
233  434.84326
234  3350.6406
235  904.7344
236  13.6875
237  13.075684
238  4.109375
239  402.41895
240  50.83789
241  1150.9956
242  288.3086
243  602.90234
244  27.947266
245  27.655273
246  581.75
247  77.149414
248  1.5625
249  4.2822266
250  3.0732422
251  935.3086
252  2.3964844
253  12.839844
254  12.629883
255  604.7954
256  20.489258
257  90.21094
258  3.6142578
259  7.1347656
260  303.7246
261  12.916016
262  8.727539
263  12.672852
264  9.392578
265  0.3544922
266  0.5625
267  5.283203
268  2.2636719
269  413.55957
270  2.2802734
271  74.168945
272  5.890625
273  300.86426
274  301.75586
275  360.35645
276  9.746094
277  7.2958984
278  12.933594
279  13.518555
280  1618.8677
281  604.12695
282  1.3193359
283  64.921875
284  63.878906
285  325.00977
286  2.2070312
287  5.5507812
288  67.08984
289  14.676758
290  2.680664
291  15.762695
292  2.7080078
293  12.858398
294  3.0048828
295  12.391602
296  25.788086
297  47.49121
298  605.6797
299  65.47168
300  2.9082031
301  12.485352
302  299.91113
303  37.876953
304  1.5224609
305  6.6708984
306  309.7744
307  8.369141
308  4.9072266
309  405.41602
310  1.1103516
311  300.61035
312  13.172852
313  606.8164
314  8.088867
315  2.0634766
316  1.5683594
317  1.8115234
318  2.4296875
319  43.401367
320  63.134766
321  335.33105
322  112.081055
323  2.7373047
324  10.586914
325  1.3310547
326  603.01855
327  68.63281
328  103.4668
329  3.921875
330  40.13086
331  9.44043
332  13.058594
333  362.81738
334  28.983398
335  491.15527
336  304.01367
337  63.768555
338  19.638672
339  34.59961
340  30.592773
341  155.7959
342  13.235352
343  12.902344
344  5.466797
345  14.859375
346  13.060547
347  3.203125
348  13.217773
349  7.4189453
350  62.339844
351  7.6064453
352  606.71094
353  727.7158
354  1.5244141
355  39.786133
356  12.986328
357  1.6337891
358  384.5703
359  12.711914
360  12.474609
361  8.356445
362  4.368164
363  180.03711
364  603.8574
365  5.8945312
366  1.8935547
367  2.4316406
368  2.647461
369  13.058594
370  3.084961
371  6.3496094
372  2.4140625
373  13.219727
374  3.3046875
375  11.015625
376  3.59375
377  333.46387
378  331.46777
379  96.30859
380  3.5644531
381  13.839844
382  557.542
383  10.56543
384  22.254883
385  207.9375
386  12.890625
387  314.34277
388  17.671875
389  63.73535
390  300.07715
391  116.12012
392  102.21777
393  92.33496
394  92.67969
395  104.37793
396  228.7539
397  969.1162
398  3.3828125
399  1210.0654
400  375.99023
401  604.54297
402  377.21582
403  0.6113281
404  11.568359
405  1.9912109
406  608.42285
407  34.39453
408  1024.4756
409  2.961914
410  51.737305
411  136.3916
412  8.785156
413  604.49023
414  305.12305
415  1.1884766
416  3.4121094
417  327.01562
418  4.9140625
419  1.2265625
420  2.4267578
421  2.78125
422  3.2490234
423  3.1074219
424  2.2539062
425  3.7705078
426  302.88086
427  2.0253906
428  2.765625
429  3.350586
430  3.1894531
431  2.4121094
432  3.334961
433  2.4082031
434  2.2441406
435  2.7763672
436  3.1953125
437  26.192383
438  2.3955078
439  2.3945312
440  2.5585938
441  2.9589844
442  3.100586
443  3.2861328
444  2.0273438
445  2.75
446  3.2050781
447  2.3935547
448  2.3945312
449  2.959961
450  3.0986328
451  2.4111328
452  2.0292969
453  2.7509766
454  3.2080078
455  2.421875
456  2.5605469
457  2.3916016
458  2.5654297
459  2.5791016
460  2.2695312
461  604.87305
462  302.92383
463  3.9365234
464  7.1367188
465  115.887695
466  1.0771484
467  1.0732422
468  1.1298828
469  1.1435547
470  603.54004
471  2.8017578
472  2.9414062
473  163.10742
474  32.158203
475  5.1503906
476  304.16895
477  11.634766
478  64.43848
479  301.708
480  64.63867
481  11.600586
482  16.481445
483  5.2158203
484  6.2441406
485  309.2373
486  906.6045
487  20.017578
488  64.552734
489  604.4746
490  303.2207
491  4.120117
492  31.654297
493  41.55664
494  258.09863
495  47.632812
496  43.820312
497  309.54102
498  1205.5762
499  26.197266
500  302.5703
501  91.06641
502  13.90625
503  5.8984375
504  307.29102
505  1.7851562
506  320.8496
507  22.667969
508  623.1377
509  3.203125
510  299.65625
511  24.513672
512  308.58398
513  181.67969
514  1.8007812
515  39.13867
516  39.01172
517  127.87109
518  32.183594
519  120.38086
520  18.625
521  33.091797
522  44.291016
523  12.875
524  42.933594
525  301.86328
526  7.6464844
527  260.9082
528  546.1113
529  605.43555
530  35.41992
531  604.8457
532  307.01758
533  19.802734
534  3.2890625
535  31.34961
536  33.058594
537  940.9492
538  608.43945
539  92.87305
540  42.63867
541  0.6074219
542  31.945312
543  7.470703
544  10.800781
545  432.13477
546  569.2207
547  279.49023
548  34.603516
549  1.46875
550  6.3496094
551  11.666016
552  3.5195312
553  603.9785
554  14.677734
555  603.63477
556  11.845703
557  602.7656
558  368.95703
559  443.74023
560  370.15234
561  360.70703
562  269.69727
563  1.1738281
564  3.9746094
565  12.390625
566  603.1699
567  548.625
568  12.246094
569  603.72266
570  965.28906
571  1.4609375
572  1.0371094
573  1.3925781
574  5.5214844
575  40.847656
576  305.51172
577  18.316406
578  49.42383
579  25.082031
580  56.29492
581  16.230469
582  13.134766
583  4.564453
584  12.955078
585  78.91406
586  15.5703125
587  2.8203125
588  1.4511719
589  1.4316406
590  13.4375
591  1.4804688
592  13.519531
593  605.0586
594  604.7324
595  0.87890625
596  15.519531
597  300.18945
598  15.496094
599  300.29297
600  481.29492
601  1.9980469
602  2.0546875
603  6.3027344
604  15.255859
605  3.0625
606  6.455078
607  604.93555
608  2.3886719
609  217.52148
610  67.98633
611  25.205078
612  604.3867
613  5.3320312
614  90.2207
615  0.2890625
616  914.6797
617  914.6582
618  913.6797
619  244.21875
620  6.904297
621  606.08984
622  77.91016
623  377.85547
624  173.28906
625  2.1269531
626  2.6582031
627  4.734375
628  606.56836
629  914.5996
630  605.61914
631  4.9335938
632  2.2753906
633  2.5410156
634  4.029297
635  11.962891
636  61.197266
637  2625.121
638  914.62305
639  7.3203125
640  3.1503906
641  605.02344
642  37.73828
643  315.71094
644  776.959
645  895.0586
646  10.779297
647  44.708984
648  605.81445
649  8.376953
650  2.90625
651  1.6894531
652  1.6601562
653  3.0175781
654  608.916
655  608.28906
656  656.18555
657  609.1465
658  120.10547
659  100.70508
660  903.6367
661  3.6503906
662  0.9863281
663  1.7207031
664  5.7617188
665  605.5039
666  1.7421875
667  301.16602
668  0.67578125
669  0.7597656
670  1.4257812
671  581.5547
672  119.55469
673  30.839844
674  2.4785156
675  39.02539
676  1.9902344
677  0.6230469
678  1.2460938
679  2.3574219
680  0.76953125
681  1.3300781
682  2.5058594
683  121.109375
684  244.37695
685  122.8457
686  169.50977
687  303.26172
688  605.16797
689  8.8125
690  302.2246
691  307.0625
692  302.93555
693  2.5800781
694  118.02539
695  603.05273
696  1.0839844
697  117.46289
698  0.6953125
699  307.51953
700  33.097656
701  3.7871094
702  7.25
703  682.11914
704  12.505859
705  0.5917969
706  2.484375
707  2.15625
708  121.46875
709  34.246094
710  20.830078
711  32.89258
712  25.320312
713  12.115234
714  123.31445
715  1656.5176
716  26.851562
717  77.86133
718  28.482422
719  27.699219
720  28.31836
721  307.71094
722  26.728516
723  25.65625
724  3.6054688
725  3.6230469
726  3.3847656
727  3.8027344
728  3.8398438
729  0.5800781
730  2.0527344
731  2.0175781
732  2.2695312
733  604.82227
734  23.50586
735  604.78516
736  64.083984
737  604.00977
738  2.03125
739  7.5625
740  301.98633
741  300.8086
742  0.38476562
743  2.1308594
744  2.7421875
745  6.2265625
746  180.24219
747  337.82227
748  5.1914062
749  3.8730469
750  65.291016
751  413.89258
752  30.720703
753  3.7734375
754  4.0820312
755  43.804688
756  42.640625
757  4.2460938
758  63.15625
759  37.378906
760  3.890625
761  30.425781
762  9.691406
763  3.7304688
764  4.576172
765  904.15625
766  7.658203
767  604.95703
768  119.82031
769  603.9238
770  259.2168
771  4.591797
772  909.49023
773  940.0879
774  604.6797
775  0.6503906
776  3.9902344
777  409.70312
778  89.75391
779  33.851562
780  97.58008
781  482.64844
782  1.4667969
783  1208.0664
784  603.9492
785  14.4765625
786  311.44727
787  187.76562
788  254.53906
789  118.20117
790  38.25586
791  305.58984
792  883.3867
793  24.542969
794  604.0996
795  603.81055
796  67.609375
797  9.634766
798  5.1152344
799  4.392578
800  6.7617188
801  302.84766
802  303.52734
803  358.45312
804  3.7070312
805  29.408203
806  307.92383
807  30.050781
808  39.02539
809  312.86328
810  0.9238281
811  14.84375
812  91.15625
813  303.63086
814  2.71875
815  183.25195
816  2.6347656
817  609.9121
818  634.54297
819  990.8047
820  300.92578
821  49.140625
822  2.7480469
823  22.458984
824  21.115234
825  45.375
826  463.0371
827  0.5625
828  603.8008
829  302.61914
830  373.03906
831  154.41602
832  24.691406
833  82.87109
834  87.98242
835  1203.0352
836  16.347656
837  604.71484
838  6.248047
839  9.3359375
840  302.05664
841  32.859375
842  97.7207
843  0.6738281
844  3.0507812
845  1.3867188
846  29.388672
847  6.6660156
848  5.515625
849  43.441406
850  486.64844
851  303.86914
852  331.71094
853  38.777344
854  0.6484375
855  63.085938
856  7.4941406
857  56.32617
858  17.976562
859  2114.0293
860  3.3183594
861  3.6894531
862  7.0722656
863  248.22656
864  7.919922
865  1.734375
866  4.763672
867  303.04492
868  0.27734375
869  303.5625
870  1.4589844
871  1.6015625
872  1.4492188
873  1.4589844
874  1.5585938
875  1.4902344
876  1.0625
877  4.1660156
878  300.9668
879  324.26758
880  11.572266
881  301.86914
882  1.9550781
883  149.31055
884  59.63867
885  231.42578
886  199.97461
887  65.09375
888  71.583984
889  63.566406
890  3.5859375
891  62.68164
892  14.322266
893  300.66602
894  344.0625
895  3.7636719
896  87.375
897  605.20703
898  8.064453
899  603.88477
900  0.32226562
901  0.26367188
902  66.30469
903  4.5214844
904  3.8339844
905  1.2714844
906  165.6875
907  210.80273
908  10.607422
909  41.529297
910  602.9883
911  602.5918
912  1.2636719
913  10.388672
914  6.3183594
915  3.0058594
916  63.179688
917  8.255859
918  303.3379
919  411.48047
920  1.0585938
921  1.2167969
922  6.798828
923  15.839844
924  315.63086
925  40.265625
926  30.453125
927  62.8125
928  29.009766
929  35.460938
930  23.5
931  434.6172
932  2.9511719
933  3.7109375
934  245.08984
935  23.066406
936  380.7422
937  324.62305
938  144.99023
939  325.28516
940  588.9629
941  48.48047
942  332.60156
943  62.32422
944  603.6074
945  607.81836
946  2.8554688
947  3.4882812
948  457.13672
949  4.7773438
950  4.451172
951  603.77734
952  51.441406
953  603.7832
954  43.19336
955  602.9336
956  300.875
957  5.4160156
958  9.861328
959  6.5058594
960  3.0058594
961  6.064453
962  85.740234
963  33.027344
964  309.74023
965  15.482422
966  378.64453
967  13.369141
968  302.01953
969  51.683594
970  52.472656
971  1204.6719
972  13.59375
973  46.40039
974  3.5546875
975  15.201172
976  2.1484375
977  2.5390625
978  1.9375
979  2.2226562
980  6.4609375
981  306.1504
982  300.0996
983  604.1543
984  306.14258
985  55.96289
986  558.8711
987  18.316406
988  305.1953
989  10.951172
990  5.8632812
991  364.19922
992  7.0058594
993  604.3086
994  406.77344
995  23.970703
996  611.78516
997  13.552734
998  605.1133
999  19.02539
1000  202.00781
1001  6065.717
1002  6.689453
1003  14.5625
1004  314.41016
1005  712.5586
1006  3.0410156
1007  61.664062
1008  25.99414
1009  9.2421875
1010  231.98242
1011  294.44336
1012  123.19141
1013  119.84766
1014  155.81055
1015  10.494141
1016  0.2734375
1017  0.27148438
1018  3.046875
1019  0.39648438
1020  604.791
1021  162.125
1022  32.179688
1023  603.2324
1024  23.253906
1025  41.48242
1026  3.3457031
1027  205.61523
1028  29.191406
1029  300.27344
1030  322.50586
1031  302.54492
1032  6.3632812
1033  6.9882812
1034  184.6836
1035  35.439453
1036  7.8964844
1037  10.769531
1038  343.8789
1039  302.0957
1040  47.179688
1041  302.0664
1042  64.08008
1043  28.175781
1044  303.2832
1045  24.640625
1046  0.31640625
1047  15.666016
1048  140.4707
1049  66.78125
1050  5.408203
1051  1220.7539
1052  328.9121
1053  84.99805
1054  8.888672
1055  26.230469
1056  4.5390625
1057  70.82422
1058  604.54297
1059  18.605469
1060  51.42578
1061  503.79102
1062  26.871094
1063  1.359375
1064  13.2109375
1065  302.08984
1066  9.660156
1067  0.91796875
1068  335.3418
1069  2.9921875
1070  62.921875
1071  335.6172
1072  302.0664
1073  2.9765625
1074  302.07422
1075  3.3710938
1076  370.33203
1077  4.6757812
1078  3.0898438
1079  2.0898438
1080  1.7929688
1081  131.09766
1082  45.628906
1083  0.85546875
1084  346.64453
1085  603.98047
1086  137.3164
1087  22.96875
1088  420.3164
1089  1.6054688
1090  57.09375
1091  3.5429688
1092  53.45703
1093  43.38672
1094  1.6875
1095  10.730469
1096  1.4296875
1097  3.828125
1098  1.03125
1099  41.58203
1100  2.3828125
1101  54.421875
1102  603.65234
1103  845.27344
1104  20.804688
1105  0.984375
1106  7.7734375
1107  1.0
1108  0.78125
1109  0.8515625
1110  0.9453125
1111  0.76953125
1112  0.8515625
1113  1.2226562
1114  50.710938
1115  14.425781
1116  26.675781
1117  23.746094
1118  322.84766
1119  348.91406
1120  79.578125
1121  15.7734375
1122  1.8554688
1123  1.2539062
1124  2.5234375
1125  301.36328
1126  1.2421875
1127  77.92969
1128  4.7773438
1129  35.132812
1130  16.527344
1131  33.40625
1132  0.44140625
1133  6.8867188
1134  49.441406
1135  2.4882812
1136  31.339844
1137  333.91016
1138  18.589844
1139  6.6953125
1140  47.496094
1141  40.53125
1142  0.79296875
1143  0.87109375
1144  26.195312
1145  1.21875
1146  0.67578125
1147  0.9375
1148  0.9453125
1149  0.9375
1150  1.1992188
1151  340.21875
1152  1.2460938
1153  1.359375
1154  10.417969
1155  1.328125
1156  604.0508
1157  3.2304688
1158  301.03516
1159  2.3242188
1160  333.7422
1161  14.089844
1162  19276.73
1163  308.33594
1164  1.203125
1165  79.49609
1166  1.21875
1167  0.9296875
1168  1.3164062
1169  1.3242188
1170  4.6171875
1171  1.3320312
1172  263.5625
1173  40.375
1174  1.7304688
1175  2.125
1176  4.8789062
1177  2.3515625
1178  54.60547
1179  197.28906
1180  126.91797
1181  47.960938
1182  1.3867188
1183  72.375
1184  324.19922
1185  17.113281
1186  6.875
1187  300.8711
1188  5.3867188
1189  300.0039
1190  432.66797
1191  91.83984
1192  175.5586
1193  13.8046875
1194  14.953125
1195  8.65625
1196  32.13672
1197  15.5625
1198  307.9922
1199  191.6836
1200  12.496094
1201  399.14453
1202  341.32422
1203  960.0625
1204  4.0117188
1205  1.0742188
1206  252.22266
1207  603.5469
1208  15.691406
1209  3.0273438
1210  7.9609375
1211  303.4453
1212  3.8554688
1213  133.20312
1214  16.949219
1215  16.394531
1216  29.554688
1217  10.5859375
1218  0.98046875
1219  122.10156
1220  1.8320312
1221  2.5195312
1222  95.70703
1223  607.6172
1224  603.4219
1225  28.34375
1226  963.6836
1227  28.523438
1228  127.27344
1229  14.894531
1230  9.0078125
1231  3.6484375
1232  603.8203
1233  603.45703
1234  605.21484
1235  8.78125
1236  125.66797
1237  85.82031
1238  4.6289062
1239  36.398438
1240  1228.9609
1241  30.550781
1242  2012.9492
1243  2120.7031
1244  2013.3711
1245  23.753906
1246  130.73438
1247  85.53516
1248  602.7656
1249  300.69922
1250  3.0507812
1251  15.125
1252  2.3242188
1253  286.92188
1254  108.44141
1255  69.78906
1256  1441.7656
1257  18.203125
1258  51.398438
1259  362.4922
1260  6.78125
1261  14.8515625
1262  64.96484
1263  4.921875
1264  35.96875
1265  85.49609
1266  26.992188
1267  28.625
1268  8.910156
1269  57.51953
1270  148.53516
1271  301.21094
1272  26.816406
1273  300.90234
1274  319.44922
1275  3.78125
1276  3.7382812
1277  3.6367188
1278  300.8086
1279  298.85938
1280  151.1875
1281  0.87890625
1282  301.3672
1283  0.875
1284  124.91406
1285  2.9765625
1286  300.8164
1287  299.85547
1288  183.01172
1289  133.26172
1290  9.386719
1291  603.64844
1292  274.79688
1293  66.27734
1294  3.5703125
1295  60.464844
1296  555.77734
1297  601.84375
1298  25.46875
1299  2.4492188
1300  2.4609375
1301  5.6289062
1302  6.140625
1303  3.9257812
1304  307.33594
1305  301.64062
1306  304.7539
1307  311.60156
1308  54.277344
1309  123.328125
1310  7.4882812
1311  10.296875
1312  300.21875
1313  300.22266
1314  345.9297
1315  41.1875
1316  269.85156
1317  2.3476562
1318  3.0273438
1319  2.171875
1320  603.16016
1321  94.88281
1322  26.285156
1323  25.699219
1324  6.03125
1325  1.4570312
1326  5.3007812
1327  27.703125
1328  12.34375
1329  14.871094
1330  198.4375
1331  19.425781
1332  139.1914
1333  26.816406
1334  24.027344
1335  2.6875
1336  22.496094
1337  20.066406
1338  5.9101562
1339  46.566406
1340  22.507812
1341  22.421875
1342  206.19922
1343  32.589844
1344  309.14453
1345  45.828125
1346  0.9453125
1347  340.11328
1348  302.33203
1349  358.2422
1350  602.6367
1351  3.46875
1352  335.32812
1353  6.234375
1354  18.75
1355  22.585938
1356  25.214844
1357  13.5078125
1358  14.8671875
1359  83.671875
1360  3.0546875
1361  603.4453
1362  6.2109375
1363  397.71484
1364  397.73828
1365  905.1914
1366  305.07422
1367  603.66797
1368  424.25
1369  4.8398438
1370  5.7460938
1371  3.1757812
1372  16.671875
1373  3.15625
1374  3.15625
1375  4.1523438
1376  4.1601562
1377  104.87109
1378  942.3828
1379  3.0390625
1380  1005.7617
1381  208.97266
1382  208.86328
1383  246.26562
1384  163.39062
1385  0.5625
1386  262.2578
1387  3.0390625
1388  3.0429688
1389  229.39844
1390  4.140625
1391  2.59375
1392  5.0390625
1393  303.40234
1394  603.77734
1395  64.66016
1396  47.039062
1397  0.6484375
1398  299.7578
1399  299.76562
1400  103.171875
1401  113.796875
1402  106.13672
1403  969.03906
1404  49.3125
1405  0.296875
1406  0.30859375
1407  0.30078125
1408  3.421875
1409  300.6953
1410  66.38672
1411  27.109375
1412  80.62109
1413  303.60547
1414  301.48828
1415  336.22266
1416  392.90234
1417  603.9492
1418  0.39453125
1419  0.40625
1420  0.41015625
1421  1393.7578
1422  0.140625
1423  0.16015625
1424  0.1796875
1425  75.73047
1426  75.73047
1427  75.76172
1428  75.78906
1429  0.27734375
1430  304.33203
1431  603.58594
1432  177.28125
1433  75.60547
1434  75.61719
1435  98.65234
1436  3.0820312
1437  5.7421875
1438  12.859375
1439  2.4023438
1440  301.5703
1441  1.140625
1442  2.453125
1443  1.6679688
1444  3.0234375
1445  1.9023438
1446  8.1875
1447  309.05078
1448  66.578125
1449  305.55078
1450  0.36328125
1451  1.7695312
1452  303.13672
1453  83.0
1454  0.0625
1455  148.19922
1456  11.113281
1457  309.66797
1458  4.4335938
1459  431.66797
1460  146.6289
1461  38.648438
1462  301.17578
1463  67.90625
1464  94.78125
1465  47.23828
1466  994.4961
1467  608.72656
1468  209.65234
1469  302.29688
1470  17.679688
1471  432.28125
1472  80.765625
1473  315.0586
1474  0.10546875
1475  18.691406
1476  602.96484
1477  164.92578
1478  10.1015625
1479  88.08984
1480  1071.0938
1481  308.3086
1482  1.8476562
1483  326.3711
1484  603.79297
1485  14.417969
1486  141.35938
1487  6.1445312
1488  49.640625
1489  131.73828
1490  0.1171875
1491  305.07812
1492  316.82812
1493  0.109375
1494  0.65234375
1495  1084.9961
1496  1.6679688
1497  32.527344
1498  306.8164
1499  0.5703125
1500  69.66016
1501  314.92188
1502  314.23828
1503  424.9375
1504  31.019531
1505  69.421875
1506  335.03906
1507  0.12109375
1508  5.015625
1509  3.3867188
1510  7.8359375
1511  5.8710938
1512  11.34375
1513  17.492188
1514  5.6015625
1515  301.27734
1516  14.3359375
1517  8.984375
1518  8.7734375
1519  4.71875
1520  4.2890625
1521  8.480469
1522  5.0859375
1523  12.644531
1524  20.128906
1525  4.6171875
1526  13.167969
1527  7.6953125
1528  12.503906
1529  9.7890625
1530  7.5507812
1531  26.964844
1532  8.878906
1533  50.359375
1534  22.644531
1535  11.769531
1536  6.1484375
1537  8.738281
1538  7.5859375
1539  16.660156
1540  19.046875
1541  100.73047
1542  9.386719
1543  604.03516
1544  13.683594
1545  24.039062
1546  25.035156
1547  128.03125
1548  616.4414
1549  604.83984
1550  12.578125
1551  306.6797
1552  3.6679688
1553  21.058594
1554  96.53906
1555  209.5586
1556  30.84375
1557  61.421875
1558  907.40625
1559  911.1289
1560  915.6953
1561  302.51172
1562  919.85547
1563  381.30078
1564  3.0234375
1565  10.6171875
1566  11.011719
1567  11.0078125
1568  6.8007812
1569  69.875
1570  19.9375
1571  60.20703
1572  79.62109
1573  1.1953125
1574  604.875
1575  308.4297
1576  2.6328125
1577  6.84375
1578  75.75781
1579  1.359375
1580  21.769531
1581  303.15234
1582  197.86719
1583  0.234375
1584  37.828125
1585  64.19922
1586  348.4336
1587  340.03906
1588  308.60547
1589  48.191406
1590  602.8125
1591  148.96484
1592  5.5976562
1593  4.3203125
1594  6.78125
1595  11.6328125
1596  16.707031
1597  14.535156
1598  348.67578
1599  64.53516
1600  1.1601562
1601  40.566406
1602  3.5976562
1603  0.6484375
1604  48.54297
1605  44.38672
1606  601.01953
1607  300.82812
1608  199.35156
1609  133.26172
1610  47.96875
1611  13.808594
1612  121.52344
1613  0.5703125
1614  3.140625
1615  2.5625
1616  2.2539062
1617  32.390625
1618  82.484375
1619  33.347656
1620  40.828125
1621  6.4375
1622  1.7851562
1623  3.03125
1624  228.78516
1625  1.140625
1626  1.1015625
1627  23.15625
1628  5.59375
1629  243.89062
1630  604.375
1631  5.0898438
1632  314.55078
1633  903.90234
1634  63.78125
1635  6.3125
1636  1412.5586
1637  303.0078
1638  458.23047
1639  900.89453
1640  901.0156
1641  603.85547
1642  19.175781
1643  51.679688
1644  4.7265625
1645  4.1875
1646  1237.3242
1647  3.5
1648  1.6992188
1649  9.566406
1650  218.78516
1651  5.8398438
1652  321.98047
1653  336.60938
1654  2.4296875
1655  11.171875
1656  12.292969
1657  301.60156
1658  14.292969
1659  300.2422
1660  7.390625
1661  301.07422
1662  156.38281
1663  9.1640625
1664  2.7578125
1665  602.8047
1666  6.7070312
1667  5.0585938
1668  2.9765625
1669  7.203125
1670  6.8671875
1671  4.9257812
1672  3.4570312
1673  900.7031
1674  601.375
1675  19.949219
1676  26.757812
1677  0.5625
1678  904.7969
1679  901.03125
1680  955.76953
1681  169.24219
1682  1.1210938
1683  604.54297
1684  2.1679688
1685  1.9882812
1686  59.96875
1687  34.867188
1688  35.179688
1689  75.62891
1690  321.4453
1691  38.46875
1692  300.52344
1693  35.183594
1694  300.7539
1695  38.121094
1696  25.632812
1697  88.29297
1698  43.339844
1699  1.0273438
1700  4.7304688
1701  602.875
1702  158.08594
1703  0.3828125
1704  38.69922
1705  15.4765625
1706  4.9296875
1707  5.1445312
1708  6.8007812
1709  10.0859375
1710  37.847656
1711  51.92578
1712  300.22266
1713  0.1640625
1714  157.42188
1715  67.16016
1716  4.2265625
1717  363.98047
1718  301.4336
1719  4.71875
1720  309.98047
1721  237.69531
1722  301.16797
1723  368.02734
1724  550.66797
1725  102.4375
1726  0.1640625
1727  0.15625
1728  0.1015625
1729  0.125
1730  0.25390625
1731  0.26953125
1732  0.12890625
1733  0.23828125
1734  0.1796875
1735  0.12109375
1736  1.671875
1737  44.222656
1738  31.914062
1739  143.70312
1740  2.2617188
1741  3.7148438
1742  4.0664062
1743  50.9375
1744  32.429688
1745  21.625
1746  4.5742188
1747  14.84375
1748  3.6835938
1749  36.25
1750  36.83203
1751  32.01172
1752  6.4296875
1753  3.703125
1754  11.875
1755  141.19531
1756  300.91406
1757  18.234375
1758  2.6171875
1759  2.6132812
1760  4.875
1761  418.84766
1762  7.7695312
1763  19.910156
1764  1.5898438
1765  3.6953125
1766  6.1445312
1767  605.0039
1768  42.9375
1769  0.55859375
1770  3.75
1771  194.20312
1772  35.40625
1773  404.8711
1774  3.5742188
1775  604.66406
1776  6.8085938
1777  963.4492
1778  43.214844
1779  364.09375
1780  303.85156
1781  3.4101562
1782  8.589844
1783  38.890625
1784  2.1289062
1785  307.60547
1786  73.14844
1787  7.5664062
1788  82.42969
1789  90.65625
1790  20.871094
1791  779.72656
1792  565.01953
1793  300.6797
1794  4.6640625
1795  154.27734
1796  5.2226562
1797  1.7421875
1798  12.1640625
1799  6.7421875
1800  5.5820312
1801  2.40625
1802  2.4335938
1803  2.4453125
1804  0.36328125
1805  48.75
1806  15.324219
1807  7.59375
1808  8.359375
1809  206.01953
1810  1.625
1811  602.46875
1812  4.2617188
1813  3.8554688
1814  3.0898438
1815  5.1210938
1816  1.6601562
1817  1.578125
1818  2.1289062
1819  3.6757812
1820  2.5039062
1821  1.71875
1822  78.1875
1823  2.578125
1824  18.59375
1825  23.253906
1826  8.652344
1827  302.23047
1828  13.34375
1829  122.99219
1830  602.4844
1831  323.55078
1832  3.03125
1833  4.234375
1834  9.566406
1835  301.9375
1836  604.90625
1837  1.234375
1838  10.066406
1839  8.6953125
1840  20.738281
1841  400.30078
1842  9.5078125
1843  2734.6094
1844  12.7578125
1845  11.734375
1846  11.792969
1847  17.710938
1848  306.6289
1849  10.4609375
1850  23.316406
1851  2.5703125
1852  2.8945312
1853  2.6601562
1854  0.96875
1855  38.828125
1856  2.453125
1857  3.3085938
1858  3.2734375
1859  3.3242188
1860  1.5195312
1861  1.5
1862  1.53125
1863  1.5117188
1864  64.66797
1865  4.1210938
1866  20.644531
1867  2.1015625
1868  11.328125
1869  607.78516
1870  299.33594
1871  300.3672
1872  256.9336
1873  350.29688
1874  238.22266
1875  605.375
1876  606.4375
1877  306.51562
1878  187.32031
1879  171.67969
1880  608.08203
1881  300.60938
1882  647.3281
1883  0.60546875
1884  310.78125
1885  9.785156
1886  21.859375
1887  65.359375
1888  59.44922
1889  603.0742
1890  18.015625
1891  29.777344
1892  470.0625
1893  341.53516
1894  301.07422
1895  308.96094
1896  306.6953
1897  602.98047
1898  4.0234375
1899  18.851562
1900  26.375
1901  605.40625
1902  185.19531
1903  301.8125
1904  605.64453
1905  603.7383
1906  481.70703
1907  280.66016
1908  327.26953
1909  27.941406
1910  316.10938
1911  219.96094
1912  302.83594
1913  40.09375
1914  1.8398438
1915  2.4726562
1916  3.1953125
1917  16.601562
1918  2.4648438
1919  2.6289062
1920  2.7890625
1921  2.7890625
1922  604.5781
1923  2.625
1924  14.425781
1925  2.9375
1926  333.78516
1927  50.304688
1928  80.38672
1929  304.08203
1930  126.12109
1931  3.4609375
1932  145.96875
1933  13.222656
1934  98.796875
1935  36.804688
1936  36.5
1937  42.871094
1938  23.554688
1939  1.8867188
1940  93.65234
1941  354.83594
1942  9.0625
1943  2.6015625
1944  300.79688
1945  58.453125
1946  604.45703
1947  603.41406
1948  1.2695312
1949  105.61719
1950  0.58984375
1951  0.57421875
1952  612.97656
1953  522.6328
1954  371.8828
1955  0.6484375
1956  34.421875
1957  52.652344
1958  59.804688
1959  32.164062
1960  3.0273438
1961  41.078125
1962  41.95703
1963  1.84375
1964  318.16406
1965  37.421875
1966  3.984375
1967  33.515625
1968  604.52344
1969  40.578125
1970  215.34766
1971  604.75
1972  0.71484375
1973  2.3789062
1974  2.3828125
1975  27.367188
1976  12.2890625
1977  30.03125
1978  575.8281
1979  310.38672
1980  603.375
1981  0.2734375
1982  1.7421875
1983  1.734375
1984  3.4140625
1985  362.42188
1986  602.8594
1987  65.02344
1988  1.8203125
1989  300.6797
1990  300.28906
1991  15.8359375
1992  5.1328125
1993  3.203125
1994  3.078125
1995  3.7421875
1996  6.0390625
1997  6.765625
1998  19.921875
1999  9.9921875
2000  10.796875
2001  2.078125
2002  14.1484375
2003  2.28125
2004  2.3984375
2005  3.0859375
2006  3.0390625
2007  141.16406
2008  6.1875
2009  303.90625
2010  605.46094
2011  63.71875
2012  2.25
2013  483.02344
2014  12.7265625
2015  1.875
2016  1.765625
2017  33.523438
2018  605.78125
2019  14.3515625
2020  63.359375
2021  14.484375
2022  6.9140625
2023  3.09375
2024  4.53125
2025  0.953125
2026  5.7890625
2027  22082.785
2028  29.78125
2029  3.34375
2030  3.4296875
2031  3.7890625
2032  3.8984375
2033  449.35938
2034  1.625
2035  9.3046875
2036  215.42969
2037  0.5625
2038  302.08594
2039  286.6328
2040  1.6328125
2041  9.9921875
2042  5.1171875
2043  99.625
2044  4.6484375
2045  11.2890625
2046  90.63281
2047  10.390625
2048  3.265625
2049  301.64062
2050  3.046875
2051  44.203125
2052  302.29688
2053  10.578125
2054  51.765625
2055  49.828125
2056  527.5703
2057  45.109375
2058  60.359375
2059  925.0625
2060  934.47656
2061  941.9453
2062  100.90625
2063  965.58594
2064  6.421875
2065  302.47656
2066  22.914062
2067  312.60938
2068  108.63281
2069  5.1953125
2070  1.4375
2071  3.390625
2072  22.851562
2073  2.9375
2074  4.3203125
2075  5.4375
2076  3.0625
2077  42.515625
2078  6.265625
2079  2.3359375
2080  3.359375
2081  7.8203125
2082  2.484375
2083  3.1796875
2084  2.296875
2085  2.6875
2086  3.0234375
2087  115.53125
2088  2.4609375
2089  2.2734375
2090  1.140625
2091  8.7890625
2092  24.460938
2093  604.34375
2094  5.546875
2095  0.328125
2096  1.640625
2097  2.3359375
2098  20.648438
2099  1.6328125
2100  2.3359375
2101  1.9453125
2102  332.6875
2103  1.7265625
2104  123.28125
2105  2.2890625
2106  3.875
2107  5.484375
2108  359.75
2109  11.3125
2110  4.4765625
2111  0.5625
2112  49.164062
2113  8.8984375
2114  103.36719
2115  124.796875
2116  111.88281
2117  35.828125
2118  44.257812
2119  1.8515625
2120  326.8672
2121  0.5390625
2122  7.0625
2123  4.296875
2124  3.9453125
2125  38.953125
2126  54.148438
2127  54.046875
2128  53.929688
2129  53.8125
2130  0.3828125
2131  0.375
2132  0.84375
2133  318.42188
2134  0.4453125
2135  76.42969
2136  241.875
2137  0.2890625
2138  0.2890625
2139  1.8125
2140  8.34375
2141  6.0703125
2142  943.21094
2143  42.6875
2144  200.35156
2145  22.867188
2146  39.3125
2147  6.125
2148  41.328125
2149  372.07812
2150  4.375
2151  67.46094
2152  306.46875
2153  54.148438
2154  151.0625
2155  309.95312
2156  1.8046875
2157  607.5078
2158  7.2578125
2159  13.59375
2160  603.96094
2161  62.820312
2162  517.53906
2163  351.85156
2164  4.3359375
2165  1.8125
2166  604.0078
2167  737.0078
2168  12.984375
2169  87.0
2170  14.53125
2171  131.92188
2172  531.1172
2173  603.75
2174  13.296875
2175  989.22656
2176  27.984375
2177  164.46875
2178  0.59375
2179  3.21875
2180  2.59375
2181  2.5234375
2182  83.57031
2183  78.0625
2184  23.875
2185  46.382812
2186  67.50781
2187  2.3046875
2188  323.6797
2189  65.640625
2190  16.460938
2191  1.046875
2192  41.59375
2193  9.7890625
2194  48.296875
2195  603.53125
2196  3.03125
2197  423.7578
2198  5.2890625
2199  6.296875
2200  3.6640625
2201  915.5625
2202  3.1484375
2203  318.04688
2204  1.8359375
2205  0.015625
2206  366.8125
2207  342.54688
2208  603.8828
2209  3.953125
2210  33.398438
2211  45.359375
2212  3.046875
2213  3.8125
2214  21.804688
2215  14.65625
2216  1.3359375
2217  17.734375
2218  171.25
2219  58.492188
2220  307.39062
2221  10.8515625
2222  19.140625
2223  300.09375
2224  364.15625
2225  2.46875
2226  0.625
2227  1.6015625
2228  1.4609375
2229  404.51562
2230  64.86719
2231  15.0
2232  2.0625
2233  2.0625
2234  16.773438
2235  384.52344
2236  1.515625
2237  5.6796875
2238  6.9296875
2239  7.1015625
2240  0.4765625
2241  0.828125
2242  5.265625
2243  2.1328125
2244  1.0
2245  10.0390625
2246  5.90625
2247  47.101562
2248  7.046875
2249  1504.5234
2250  2.34375
2251  7.25
2252  0.6953125
2253  43.570312
2254  13.09375
2255  371.1797
2256  306.57812
2257  33.53125
2258  22.960938
2259  0.625
2260  0.234375
2261  30.414062
2262  0.6484375
2263  28.664062
2264  33.796875
2265  69.19531
2266  2.0859375
2267  20.945312
2268  7.5390625
2269  312.09375
2270  3.96875
2271  3.9609375
2272  14.984375
2273  25.28125
2274  3.9453125
2275  236.16406
2276  67.75
2277  17.65625
2278  16.835938
2279  311.20312
2280  6.265625
2281  6.2421875
2282  5.5390625
2283  5.2265625
2284  5.3515625
2285  9.5625
2286  318.60938
2287  10.015625
2288  3.5078125
2289  3.8671875
2290  17.015625
2291  5.546875
2292  16.570312
2293  0.6875
2294  490.9297
2295  16.976562
2296  304.35938
2297  398.3828
2298  16.882812
2299  603.6172
2300  310.89062
2301  30.671875
2302  18.734375
2303  606.375
2304  3.2890625
2305  1072.8125
2306  1.1015625
2307  67.25781
2308  263.1328
2309  300.2422
2310  74.59375
2311  204.05469
2312  36.890625
2313  13.640625
2314  299.97656
2315  155.94531
2316  11.90625
2317  309.92188
2318  6.0234375
2319  7.0
2320  6.5078125
2321  4.828125
2322  1.6953125
2323  1.7109375
2324  4.8828125
2325  4.7265625
2326  1.6640625
2327  1.6875
2328  4.46875
2329  1.859375
2330  1.703125
2331  12.6484375
2332  4.203125
2333  491.21094
2334  3.0390625
2335  13.34375
2336  5.8828125
2337  604.16406
2338  6.6015625
2339  6.546875
2340  4.7734375
2341  6.296875
2342  9.21875
2343  0.765625
2344  10.1640625
2345  6.21875
2346  6.1875
2347  6.2578125
2348  12.4765625
2349  4.1640625
2350  603.4453
2351  299.5547
2352  300.5625
2353  952.2656
2354  300.52344
2355  610.0625
2356  318.09375
2357  0.875
2358  46.070312
2359  1.0859375
2360  4.0859375
2361  333.57812
2362  8.890625
2363  12.9375
2364  22.351562
2365  0.5859375
2366  2.796875
2367  2.828125
2368  5.1171875
2369  0.3203125
2370  0.3125
2371  3.2890625
2372  6.171875
2373  6.1640625
2374  6.1640625
2375  6.1171875
2376  7.1640625
2377  6.1640625
2378  6.171875
2379  127.609375
2380  62.523438
2381  6.171875
2382  9.1875
2383  7.1640625
2384  13.140625
2385  4.2109375
2386  142.90625
2387  1505.4922
2388  6.125
2389  6.5625
2390  28.320312
2391  6.484375
2392  0.6875
2393  6.1640625
2394  4.265625
2395  603.2969
2396  6.234375
2397  6.25
2398  6.1796875
2399  6.1796875
2400  4.1640625
2401  51.960938
2402  0.5703125
2403  1.546875
2404  4.4765625
2405  2.390625
2406  0.546875
2407  0.390625
2408  2.9140625
2409  2471.6172
2410  28.15625
2411  6.1875
2412  9.1640625
2413  6.1640625
2414  6.125
2415  4.171875
2416  6.1875
2417  6.2734375
2418  6.609375
2419  7.9140625
2420  4.1328125
2421  4.765625
2422  49.523438
2423  8.9453125
2424  311.22656
2425  5.015625
2426  8.7734375
2427  10.671875
2428  6.265625
2429  6.5078125
2430  9.2109375
2431  9.171875
2432  4.171875
2433  6.203125
2434  8.1015625
2435  6.1640625
2436  6.4609375
2437  6.1875
2438  14.5078125
2439  5.25
2440  4.234375
2441  606.6328
2442  11.0078125
2443  1.828125
2444  305.0625
2445  953.3594
2446  0.578125
2447  604.1172
2448  900.52344
2449  305.60938
2450  23.335938
2451  7.21875
2452  9.171875
2453  6.15625
2454  6.171875
2455  9.3046875
2456  22.929688
2457  4.25
2458  9.359375
2459  6.21875
2460  6.1875
2461  6.171875
2462  4.15625
2463  1.5078125
2464  9.21875
2465  6.1640625
2466  6.1640625
2467  7.28125
2468  4.171875
2469  38.273438
2470  0.96875
2471  9.296875
2472  2.203125
2473  6.28125
2474  6.203125
2475  7.875
2476  4.1875
2477  47.179688
2478  3.4921875
2479  610.3281
2480  607.3906
2481  304.96094
2482  38.929688
2483  12.75
2484  54.671875
2485  25.195312
2486  226.0
2487  7.3671875
2488  8.6796875
2489  4.1015625
2490  8.4765625
2491  10.453125
2492  12.7890625
2493  41.929688
2494  7.6484375
2495  4.1875
2496  313.79688
2497  8.796875
2498  6.7578125
2499  6.1640625
2500  2.8125
2501  6.1015625
2502  7.2109375
2503  6.921875
2504  6.9609375
2505  147.69531
2506  9.21875
2507  6.1796875
2508  7.3203125
2509  3.3203125
2510  2.796875
2511  2.4375
2512  322.1172
2513  6.484375
2514  2.1484375
2515  209.45312
2516  47.4375
2517  65.32031
2518  26.359375
2519  1113.9609
2520  67.05469
2521  160.50781
2522  604.10156
2523  300.6328
2524  6.3671875
2525  9.2578125
2526  6.1171875
2527  6.2890625
2528  4.0859375
2529  6.125
2530  4.2890625
2531  6.234375
2532  11.2265625
2533  6.1796875
2534  4.15625
2535  521.3203
2536  305.92188
2537  178.63281
2538  299.6953
2539  300.79688
2540  300.85156
2541  1638.5859
2542  7.453125
2543  21.296875
2544  7.4375
2545  6.5234375
2546  6.6328125
2547  10.015625
2548  6.953125
2549  6.4609375
2550  6.515625
2551  6.4296875
2552  4.3203125
2553  6.0390625
2554  6.0625
2555  54.5
2556  7.6171875
2557  9.5625
2558  38.0
2559  8.8359375
2560  31.773438
2561  7.8828125
2562  7.71875
2563  4.4453125
2564  5.375
2565  56.726562
2566  36.617188
2567  48.382812
2568  15.359375
2569  28.257812
2570  28.09375
2571  27.125
2572  14.3046875
2573  138.23438
2574  9.703125
2575  6.3203125
2576  32.898438
2577  6.1875
2578  38.28125
2579  337.125
2580  9.296875
2581  6.3671875
2582  4.2890625
2583  60.0625
2584  9.28125
2585  6.078125
2586  6.2109375
2587  6.34375
2588  4.2421875
2589  66.66406
2590  303.6797
2591  608.0781
2592  85.03906
2593  1.2578125
2594  47.75
2595  150.25781
2596  306.4922
2597  14.2265625
2598  6.2578125
2599  6.5703125
2600  6.921875
2601  6.078125
2602  16.070312
2603  6.21875
2604  6.2265625
2605  6.1796875
2606  6.2265625
2607  5.1640625
2608  10.65625
2609  1.28125
2610  1.46875
2611  2.109375
2612  6.765625
2613  2.28125
2614  1.5546875
2615  69.25
2616  38.515625
2617  42.359375
2618  66.03906
2619  170.0
2620  1.28125
2621  422.98438
2622  6.1796875
2623  9.1171875
2624  6.296875
2625  6.1640625
2626  36.578125
2627  7.109375
2628  6.1796875
2629  6.15625
2630  6.1484375
2631  100.39844
2632  6.1953125
2633  4.2734375
2634  2.90625
2635  7.46875
2636  5.59375
2637  100.00781
2638  299.9375
2639  318.3125
2640  11.4609375
2641  11.6875
2642  14.2734375
2643  604.22656
2644  2.109375
2645  69.109375
2646  2.1015625
2647  42.148438
2648  127.59375
2649  72.265625
2650  349.21875
2651  299.91406
2652  299.90625
2653  0.578125
2654  506.97656
2655  3.0390625
2656  605.5703
2657  10.96875
2658  2.078125
2659  7.578125
2660  7.5859375
2661  8.984375
2662  603.84375
2663  32.617188
