1  1.427589
2  46.41809
3  9.229401
4  3.9528198
5  2.3274536
6  5.727783
7  3.3334045
8  5.989807
9  8.970459
10  21.849976
11  603.5877
12  1.5236206
13  44.516174
14  340.5916
15  10.435059
16  3.043579
17  3.0794678
18  1.361206
19  1.631958
20  3.0251465
21  307.56665
22  300.0298
23  22.409912
24  10.287476
25  11.527344
26  5.831665
27  299.76758
28  79.94397
29  610.2423
30  608.96497
31  14.574951
32  6.1690674
33  605.8917
34  28.29712
35  1.8601074
36  1.9868164
37  27.855469
38  0.80371094
39  135.13647
40  0.7104492
41  0.7023926
42  0.79833984
43  63.828613
44  63.643555
45  94.99072
46  65.75879
47  1.543457
48  984.7711
49  1.6027832
50  271.88696
51  0.4465332
52  199.81055
53  494.12476
54  3.9709473
55  4.9560547
56  3.9284668
57  3.3981934
58  2.1313477
59  7.163574
60  39.243896
61  29.316406
62  749.407
63  18.580566
64  267.72363
65  2.182373
66  21.152832
67  3.0236816
68  245.43091
69  58.308105
70  603.7766
71  47.37915
72  2.7268066
73  9.112793
74  1.5253906
75  5.6813965
76  427.22534
77  13.335693
78  11.243164
79  154.41504
80  682.4348
81  715.21655
82  621.2976
83  38.063477
84  4.8759766
85  2.6357422
86  4.198242
87  547.2212
88  13.746582
89  629.4971
90  17.377441
91  16.895996
92  4.915039
93  27.279785
94  162.20117
95  9.125977
96  2.2392578
97  307.87012
98  1.1586914
99  625.0825
100  61.529297
101  6.8134766
102  3.413086
103  11.841309
104  13.56543
105  894.3169
106  12.136719
107  307.17627
108  378.4131
109  8.405762
110  45.725586
111  23.919922
112  303.29248
113  63.666992
114  90.441895
115  310.87402
116  16.083008
117  970.88477
118  39.492676
119  604.58154
120  91.61865
121  968.0708
122  302.46436
123  207.38379
124  3.053711
125  11.55957
126  20.05664
127  14.194336
128  456.13965
129  6.158203
130  305.23633
131  14.2890625
132  14.232422
133  14.253906
134  0.38476562
135  0.60546875
136  2.1992188
137  3.5927734
138  360.40723
139  62.95215
140  14.183594
141  4.6279297
142  21.56836
143  57.163086
144  52.447266
145  66.51465
146  3.553711
147  4.6035156
148  40.18457
149  41.620117
150  14.6328125
151  795.8047
152  608.53613
153  999.35254
154  3.3027344
155  55.97461
156  1149.6846
157  6.2382812
158  3.8857422
159  3.7832031
160  4.227539
161  56.12207
162  304.70898
163  603.3711
164  3.0078125
165  4.551758
166  4.828125
167  604.1621
168  307.42383
169  300.04102
170  299.94238
171  296.58398
172  10.801758
173  6.0146484
174  2.2675781
175  2.522461
176  14.15918
177  307.54102
178  79.84375
179  308.42578
180  300.59375
181  1295.0957
182  2.1914062
183  96.381836
184  278.75293
185  302.5537
186  164.29492
187  309.083
188  183.23242
189  73.725586
190  291.39746
191  139.23828
192  117.85156
193  24.264648
194  5.2753906
195  35.960938
196  27.78125
197  319.5703
198  12.395508
199  359.82227
200  351.5664
201  10.291016
202  605.6377
203  605.4502
204  3.3330078
205  3.0322266
206  249.45117
207  2.4404297
208  1.25
209  1.5009766
210  604.76074
211  2.0742188
212  0.80078125
213  1.2216797
214  1.4228516
215  0.7216797
216  0.4326172
217  2.0751953
218  7.890625
219  14.880859
220  17.578125
221  92.87695
222  157.60547
223  159.29297
224  605.50195
225  196.7832
226  207.1748
227  43.463867
228  250.66895
229  63.51758
230  67.54004
231  78.99414
232  31.717773
233  64.61621
234  52.72461
235  213.89648
236  52.847656
237  19.458984
238  18.774414
239  3.5957031
240  3.1083984
241  11.602539
242  26.777344
243  184.51953
244  225.59082
245  301.4043
246  601.86035
247  910.41895
248  205.69434
249  605.1553
250  1278.9268
251  14.6640625
252  4.0058594
253  3.8261719
254  609.3623
255  17.425781
256  608.4785
257  32.921875
258  3.5878906
259  89.61719
260  108.04883
261  4.904297
262  604.0742
263  268.37305
264  285.30664
265  311.81445
266  2.4609375
267  604.89453
268  605.3613
269  132.1582
270  131.32422
271  604.8613
272  21.578125
273  29.714844
274  33.08789
275  20.484375
276  1001.5293
277  2.6523438
278  206.54688
279  973.24414
280  3.1054688
281  183.78906
282  12.458984
283  1.2421875
284  2.4648438
285  200.60938
286  332.2832
287  302.56445
288  302.80078
289  207.94922
290  8.2265625
291  14.0625
292  5.1933594
293  301.26562
294  184.95117
295  301.49023
296  79.57422
297  9.261719
298  42.746094
299  603.416
300  604.4824
301  605.90625
302  194.2461
303  1.5996094
304  3.0410156
305  605.3301
306  2211.6328
307  2.0371094
308  2.3652344
309  4.28125
310  0.8417969
311  1.0488281
312  83.7832
313  967.16016
314  3.2089844
315  5.939453
316  19.519531
317  9.041016
318  2.8671875
319  4.6445312
320  605.06836
321  705.166
322  51.890625
323  3355.5605
324  34.976562
325  64.01953
326  606.71875
327  0.36523438
328  6.0566406
329  26.800781
330  64.796875
331  603.5137
332  288.63086
333  603.1621
334  21.001953
335  6.279297
336  2.1933594
337  1.7929688
338  2.3183594
339  4.0117188
340  306.69922
341  2.5449219
342  308.11328
343  603.3379
344  606.4043
345  7.439453
346  7.6757812
347  10.8125
348  1.1367188
349  1.1230469
350  970.9551
351  606.5625
352  15.503906
353  400.02734
354  2.7128906
355  602.875
356  13.503906
357  15.455078
358  31.164062
359  57.685547
360  2.3476562
361  110.10156
362  7.470703
363  306.4082
364  603.0176
365  341.61523
366  604.28516
367  1.0820312
368  22.626953
369  304.0664
370  300.91992
371  4.0976562
372  278.3828
373  2.421875
374  1406.6289
375  60.103516
376  13.376953
377  15.7890625
378  37.759766
379  603.8301
380  5.513672
381  87.89258
382  137.50977
383  5.439453
384  7.3984375
385  1.9082031
386  10.171875
387  9.962891
388  5.3164062
389  7.6953125
390  4.3046875
391  28.628906
392  424.70898
393  3.0253906
394  318.07617
395  0.6464844
396  39.123047
397  1.6328125
398  6.830078
399  128.52148
400  83.38672
401  265.39844
402  863.0488
403  21.679688
404  175.03711
405  379.3418
406  46.503906
407  913.59375
408  603.93555
409  603.76953
410  65.14844
411  64.40039
412  609.74805
413  63.20703
414  68.5625
415  1244.7871
416  604.71094
417  93.74609
418  318.01172
419  933.97266
420  362.7832
421  612.3008
422  93.49219
423  389.3418
424  29.791016
425  5.7402344
426  603.7617
427  3.4882812
428  79.21484
429  362.34766
430  603.1211
431  1.1542969
432  13.876953
433  308.0703
434  603.71875
435  604.99805
436  5.0097656
437  29.123047
438  656.87695
439  270.58398
440  0.7519531
441  320.44727
442  302.125
443  604.25586
444  442.3828
445  307.70312
446  11.541016
447  602.7207
448  23.089844
449  92.75
450  80.15625
451  95.23242
452  190.75781
453  900.58984
454  110.2832
455  165.85156
456  13.542969
457  169.43555
458  817.8008
459  843.30664
460  909.2461
461  4.28125
462  104.740234
463  13.949219
464  29.59961
465  20.269531
466  5.7148438
467  209.64062
468  23.169922
469  80.78125
470  97.00195
471  20.384766
472  3.4140625
473  4.8242188
474  57.152344
475  49.03125
476  18.990234
477  25.59961
478  12.849609
479  12.9453125
480  604.3633
481  27.59375
482  45.96289
483  1.4316406
484  131.66992
485  31.148438
486  3.3925781
487  10.734375
488  6.529297
489  70.91992
490  299.70703
491  2.5332031
492  309.33594
493  2.8398438
494  436.0918
495  16.125
496  1505.4043
497  22.896484
498  25.646484
499  172.13672
500  88.46094
501  607.50586
502  1.5761719
503  4.5546875
504  10.121094
505  33.285156
506  14.550781
507  98.73047
508  305.0039
509  128.74219
510  2.3457031
511  7.4257812
512  305.4668
513  4.6660156
514  230.13281
515  26.289062
516  38.83203
517  62.5
518  69.04297
519  5.4628906
520  577.23047
521  378.91992
522  3.0273438
523  2.6054688
524  462.93555
525  607.5762
526  3.3808594
527  9.431641
528  6.859375
529  43.716797
530  4.0683594
531  11.667969
532  214.40625
533  4.3515625
534  372.4961
535  382.2461
536  215.96094
537  13.828125
538  25.398438
539  0.515625
540  80.453125
541  604.9961
542  604.2383
543  301.26953
544  300.48047
545  303.28125
546  7.203125
547  0.68359375
548  5.359375
549  604.33203
550  54.04297
551  16.324219
552  82.22656
553  300.1797
554  34.347656
555  242.04297
556  42.601562
557  304.8828
558  602.2578
559  6.1953125
560  260.64453
561  6.5664062
562  604.91016
563  1.2304688
564  603.8242
565  4.8398438
566  727.09766
567  8.089844
568  17.042969
569  300.7461
570  13.316406
571  360.20312
572  1.6171875
573  48.597656
574  446.7422
575  139.49219
576  90.30078
577  786.1914
578  402.98047
579  72.24609
580  0.0234375
581  619.3281
582  1509.2031
583  302.96094
584  0.03125
585  2.6484375
586  4.6875
587  3.0507812
588  7.4179688
589  5.6445312
590  8.6015625
591  30.25
592  5.109375
593  7.6210938
594  11.65625
595  1.34375
596  1.3398438
597  1.34375
598  1.359375
599  0.3359375
600  603.1719
601  302.27734
602  52.507812
603  192.64844
604  0.83984375
605  7.3554688
606  17.9375
607  124.609375
608  59.632812
609  62.773438
610  98.98828
611  160.26953
612  230.95703
613  300.22656
614  63.14453
615  300.26172
616  300.28516
617  300.27344
618  55.76172
619  68.52734
620  32.496094
621  610.09375
622  10.316406
623  18.898438
624  10.386719
625  9.7578125
626  606.0508
627  8.875
628  10.511719
629  101.59375
630  5.90625
631  13.300781
632  10.957031
633  606.6289
634  14.5078125
635  104.13672
636  40.257812
637  10.167969
638  5.296875
639  3.03125
640  109.5
641  305.08203
642  300.4375
643  153.7461
644  981.0781
645  2.0117188
646  914.0469
647  58.210938
648  236.85938
649  527.52734
650  137.51562
651  0.1484375
652  0.05078125
653  0.05078125
654  0.046875
655  0.046875
656  0.05078125
657  0.1484375
658  0.046875
659  0.04296875
660  0.0390625
661  0.0390625
662  0.05078125
663  0.1953125
664  0.04296875
665  0.05078125
666  0.046875
667  0.046875
668  0.234375
669  0.05078125
670  0.046875
671  0.04296875
672  0.04296875
673  0.078125
674  0.04296875
675  2.5351562
676  2.53125
677  0.0625
678  0.0625
679  0.05859375
680  0.05859375
681  0.05859375
682  0.2578125
683  0.2109375
684  0.24609375
685  0.36328125
686  2.5
687  2.5
688  2.5
689  0.17578125
690  0.05078125
691  0.05078125
692  0.03515625
693  0.03515625
694  0.0390625
695  0.31640625
696  0.046875
697  2.515625
698  2.5117188
699  2.5195312
700  2.5273438
701  117.08594
702  606.35547
703  4.7695312
704  169.21484
705  603.08984
706  602.89844
707  810.8633
708  4.8554688
709  40.125
710  21.710938
711  11.9609375
712  18.667969
713  13.769531
714  605.1758
715  149.28516
716  12.597656
717  31.621094
718  0.9375
719  18.894531
720  24.195312
721  5.2382812
722  606.1875
723  900.1172
724  23.648438
725  0.8671875
726  302.70703
727  281.16406
728  45.23047
729  5.1835938
730  5.1992188
731  604.9414
732  5.171875
733  5.421875
734  356.77344
735  5.1914062
736  5.2148438
737  5.109375
738  5.15625
739  5.1015625
740  5.2421875
741  208.04297
742  5.1132812
743  5.1523438
744  8.457031
745  22.984375
746  64.15625
747  18.578125
748  45.296875
749  18.003906
750  605.5742
751  24.816406
752  14.449219
753  18.824219
754  9.4296875
755  27.007812
756  5.9023438
757  3.8007812
758  7.03125
759  8.105469
760  44.46875
761  49.78125
762  0.94140625
763  28.453125
764  11.847656
765  15.324219
766  2.2929688
767  3.1054688
768  9.5703125
769  25.644531
770  6.3710938
771  9.035156
772  0.9140625
773  8.769531
774  604.875
775  5.5546875
776  1.5273438
777  39.097656
778  21.492188
779  11.683594
780  8.640625
781  13.3828125
782  31.121094
783  24.457031
784  302.3164
785  604.90234
786  608.58984
787  1.5546875
788  4.03125
789  1.7070312
790  459.92188
791  9.671875
792  4.9414062
793  148.64062
794  304.47656
795  604.0586
796  602.6289
797  0.91796875
798  1.328125
799  605.4883
800  607.25
801  54.335938
802  3.0039062
803  2.2578125
804  603.89453
805  21.703125
806  362.26562
807  1022.10156
808  1.5039062
809  12.359375
810  53.046875
811  14.265625
812  301.08203
813  191.5586
814  303.47656
815  230.58203
816  1.8046875
817  7.6679688
818  1.7070312
819  603.5742
820  88.38281
821  25.339844
822  33.753906
823  2.3320312
824  2.7695312
825  3.7539062
826  257.2422
827  605.16797
828  82.82031
829  778.33203
830  772.0781
831  303.09375
832  606.4258
833  5.921875
834  5.1953125
835  1702.25
836  334.0586
837  606.23047
838  61.54297
839  273.3125
840  4.9726562
841  240.9375
842  605.39844
843  312.34766
844  64.44922
845  2.0273438
846  427.98047
847  604.35156
848  4.3789062
849  603.51953
850  135.66797
851  150.97656
852  646.8789
853  5.7265625
854  603.20703
855  602.59375
856  3.0390625
857  15.9921875
858  22.644531
859  1813.1719
860  3.0820312
861  603.375
862  18.695312
863  343.2578
864  604.48047
865  302.83984
866  604.27734
867  605.1758
868  287.57422
869  519.9453
870  4.6835938
871  640.2461
872  604.75
873  603.5469
874  6.9414062
875  1.2929688
876  1.4453125
877  5.6875
878  302.17578
879  18.058594
880  18.773438
881  7.9960938
882  2.9453125
883  604.71875
884  23.386719
885  1.03125
886  13.421875
887  21.351562
888  2.0742188
889  39.17578
890  5.4921875
891  365.9414
892  313.46484
893  0.23828125
894  0.24609375
895  900.8203
896  12.800781
897  20.152344
898  12.074219
899  19.027344
900  294.07812
901  3.5429688
902  4.3046875
903  13.1015625
904  14.597656
905  1.6289062
906  1.7617188
907  3.078125
908  20.753906
909  106.50781
910  606.4219
911  2.3945312
912  11.6796875
913  3.8007812
914  604.1328
915  608.33203
916  300.90625
917  912.4336
918  121.25781
919  2.6328125
920  11.921875
921  1.7265625
922  12.578125
923  14.5546875
924  3.4179688
925  15.175781
926  603.8594
927  4.8867188
928  3.390625
929  15.21875
930  1.75
931  0.89453125
932  0.86328125
933  0.84375
934  5.5507812
935  300.48438
936  299.4922
937  5.7695312
938  300.82812
939  300.5
940  217.44531
941  1.1523438
942  361.1875
943  38.203125
944  1.3671875
945  17.457031
946  3.6015625
947  2.1875
948  22.628906
949  2.1914062
950  0.51953125
951  0.515625
952  23.5625
953  72.28125
954  69.44141
955  5.9648438
956  299.9961
957  299.9922
958  300.07812
959  46.179688
960  64.421875
961  3.2109375
962  67.89844
963  2.1914062
964  4.0898438
965  7.1054688
966  1.546875
967  10.7890625
968  7.5976562
969  4.0429688
970  20.78125
971  5.1601562
972  10.199219
973  0.44921875
974  1.1914062
975  1.5234375
976  11.449219
977  17.09375
978  1.5273438
979  2.3867188
980  2.5117188
981  23.777344
982  5.640625
983  3.0351562
984  24.976562
985  62.867188
986  605.4336
987  0.34375
988  0.375
989  305.76953
990  299.35938
991  300.3672
992  603.6914
993  603.0703
994  904.1094
995  904.01953
996  904.04297
997  904.03906
998  904.03125
999  0.9921875
1000  6.8046875
1001  53.367188
1002  46.066406
1003  2.3203125
1004  168.97656
1005  607.25
1006  605.90234
1007  3.8710938
1008  45.33203
1009  3.609375
1010  6.8085938
1011  1.9023438
1012  146.51172
1013  237.41406
1014  274.875
1015  14.324219
1016  1.6132812
1017  317.85156
1018  302.5078
1019  1.9023438
1020  2.7773438
1021  64.56641
1022  1.1953125
1023  603.4844
1024  605.0039
1025  2.7890625
1026  1.1914062
1027  29.726562
1028  1.1875
1029  604.76953
1030  3.921875
1031  13.1484375
1032  2.9179688
1033  113.48047
1034  605.6758
1035  125.25
1036  300.4297
1037  300.67188
1038  46.632812
1039  604.9492
1040  603.66016
1041  341.01562
1042  18.59375
1043  11.9609375
1044  69.375
1045  105.60547
1046  47.132812
1047  121.78516
1048  603.6719
1049  3.7773438
1050  65.12109
1051  67.69922
1052  5.6757812
1053  2.2539062
1054  70.61719
1055  4.9960938
1056  1.7539062
1057  300.41016
1058  1.5195312
1059  22.804688
1060  302.4297
1061  39.515625
1062  301.83594
1063  3.0273438
1064  4.5976562
1065  12.4453125
1066  3.7539062
1067  191.08984
1068  12.386719
1069  33.027344
1070  1.59375
1071  902.03125
1072  3.6328125
1073  602.9961
1074  13.925781
1075  6.7929688
1076  11.644531
1077  607.0039
1078  76.69531
1079  605.76953
1080  971.71875
1081  133.7461
1082  606.91406
1083  9.984375
1084  340.83984
1085  321.70312
1086  603.6758
1087  1.59375
1088  141.95312
1089  2.703125
1090  1.6054688
1091  610.10547
1092  4.5390625
1093  275.1797
1094  0.8046875
1095  1.7617188
1096  2.9414062
1097  604.28125
1098  8.9921875
1099  5.203125
1100  19.59375
1101  0.31640625
1102  2.6132812
1103  0.15234375
1104  0.15625
1105  331.14062
1106  162.54297
1107  5.5078125
1108  10.363281
1109  64.11719
1110  64.10547
1111  69.87109
1112  8.875
1113  67.90625
1114  604.1836
1115  144.03906
1116  1.5664062
1117  13.230469
1118  3.03125
1119  43.59375
1120  65.57422
1121  7.3515625
1122  0.1640625
1123  7.703125
1124  24.695312
1125  604.2461
1126  67.23828
1127  223.03125
1128  27.15625
1129  365.29297
1130  305.35938
1131  0.16796875
1132  1.5351562
1133  103.54297
1134  14.3671875
1135  7.1796875
1136  1.9609375
1137  4.9375
1138  2.9804688
1139  2.5625
1140  6.8515625
1141  2.3164062
1142  3.1992188
1143  48.51172
1144  7.984375
1145  3.3242188
1146  387.96875
1147  198.64062
1148  122.23047
1149  604.2031
1150  235.26953
1151  2.6289062
1152  603.9414
1153  362.77734
1154  4.0585938
1155  660.5469
1156  5.25
1157  3.015625
1158  22.960938
1159  606.3281
1160  31.289062
1161  15.136719
1162  31.289062
1163  197.51172
1164  31.714844
1165  1.609375
1166  31.289062
1167  301.8125
1168  362.60938
1169  185.64453
1170  0.6484375
1171  1088.8633
1172  5.96875
1173  120.36719
1174  31.554688
1175  304.10156
1176  0.64453125
1177  70.71875
1178  602.6406
1179  4.1640625
1180  2.3515625
1181  3.6171875
1182  2.9765625
1183  8.9609375
1184  0.7890625
1185  5.671875
1186  5.8828125
1187  8.546875
1188  2.6328125
1189  39.867188
1190  6.296875
1191  3.03125
1192  0.96875
1193  211.95312
1194  14.34375
1195  71.71094
1196  4.484375
1197  166.5625
1198  59.976562
1199  9.0859375
1200  4.7421875
1201  213.50781
1202  2.6328125
1203  3.3046875
1204  490.08594
1205  20.882812
1206  0.859375
1207  4.984375
1208  2.3046875
1209  2.7734375
1210  3.703125
1211  10.0546875
1212  2.734375
1213  0.6328125
1214  142.09375
1215  233.16406
1216  0.5625
1217  272.48438
1218  1.6171875
1219  300.46094
1220  2.9921875
1221  4.1796875
1222  6.3046875
1223  3.2890625
1224  2.9609375
1225  4.1328125
1226  6.390625
1227  3.2109375
1228  21.796875
1229  5.6328125
1230  544.0078
1231  0.28125
1232  0.2578125
1233  0.34375
1234  0.3046875
1235  0.21875
1236  0.2421875
1237  0.1953125
1238  0.21875
1239  4.5390625
1240  68.58594
1241  53.78125
1242  15.3828125
1243  623.625
1244  26.773438
1245  18.109375
1246  1.5390625
1247  603.2031
1248  57.234375
1249  1.140625
1250  5.671875
1251  6.6328125
1252  41.414062
1253  306.58594
1254  1.4296875
1255  9.8515625
1256  3.265625
1257  14.59375
1258  68.50781
1259  10.234375
1260  44.039062
1261  10.203125
1262  180.44531
1263  72.6875
1264  3.359375
1265  8.0
1266  8.453125
1267  301.07812
1268  1.640625
1269  65.3125
1270  300.96875
1271  184.86719
1272  0.4375
1273  300.39062
1274  190.47656
1275  35.414062
1276  0.5
1277  31.851562
1278  32.453125
1279  30.585938
1280  30.789062
1281  44.765625
1282  30.992188
1283  37.390625
1284  42.382812
1285  54.835938
1286  42.835938
1287  32.117188
1288  43.40625
1289  31.046875
1290  32.125
1291  30.84375
1292  32.515625
1293  30.992188
1294  32.609375
1295  32.171875
1296  1394.9141
1297  39.6875
1298  31.109375
1299  36.367188
1300  31.023438
1301  11.703125
1302  25.015625
1303  32.632812
1304  31.007812
1305  30.953125
1306  49.859375
1307  42.484375
1308  57.734375
1309  33.765625
1310  31.15625
1311  37.828125
1312  3.0546875
1313  32.960938
1314  8.5625
1315  5.65625
1316  52.625
1317  42.203125
1318  38.890625
1319  901.25
1320  308.20312
1321  901.28906
1322  68.78906
1323  73.86719
1324  80.97656
1325  23.28125
1326  430.76562
1327  184.34375
1328  88.19531
1329  18.65625
1330  12.4921875
1331  12.4921875
1332  12.5078125
1333  1.9921875
1334  3.6328125
1335  0.5234375
1336  11.890625
1337  15.4375
1338  238.41406
1339  5.2265625
1340  4.9609375
1341  5.3125
1342  18.453125
1343  6.40625
1344  3.7734375
1345  602.7969
1346  72.53125
1347  605.375
1348  6.890625
1349  1.6171875
1350  50.117188
1351  1412.6172
1352  5.625
1353  104.32031
1354  102.84375
1355  56.414062
1356  1838.1094
1357  14.375
1358  2.53125
1359  12.140625
1360  3.6328125
1361  16.015625
1362  18.117188
1363  22.59375
1364  604.7422
1365  15.2421875
1366  18.117188
1367  22.546875
1368  375.1797
1369  605.25
1370  604.77344
1371  9.484375
1372  154.72656
1373  6.5859375
1374  1.84375
1375  1.109375
1376  231.04688
1377  134.85156
1378  3.03125
1379  5.4609375
1380  605.7344
1381  2.6015625
1382  130.55469
1383  2.0234375
1384  2.390625
1385  303.08594
1386  52.226562
1387  19.5
1388  47.945312
1389  0.2734375
1390  13.59375
1391  1.6640625
1392  30.460938
1393  64.140625
1394  6.1484375
1395  4.4765625
1396  5.859375
1397  1.84375
1398  1.84375
1399  11.2265625
1400  168.69531
1401  606.83594
1402  10.8203125
1403  52.265625
1404  0.671875
1405  14.0
1406  10.5390625
1407  335.64062
1408  21.289062
1409  1.0625
1410  0.921875
1411  3.9453125
1412  0.375
1413  1.3046875
1414  1.296875
1415  1295.7188
1416  0.7421875
1417  0.515625
1418  0.546875
1419  2.453125
1420  1.0625
1421  372.1953
1422  18.085938
1423  3.421875
1424  11.2421875
1425  4.15625
1426  2.0546875
1427  2.171875
1428  2.0078125
1429  1.65625
1430  28.226562
1431  1.6171875
1432  115.28906
1433  2.5859375
1434  2.1015625
1435  2.15625
1436  2.59375
1437  2.3671875
1438  2.3046875
1439  2.3515625
1440  2.765625
1441  3.7421875
1442  2.71875
1443  17.773438
1444  2.3046875
1445  2.75
1446  3.703125
1447  1.8671875
1448  0.8359375
1449  110.55469
1450  4.2578125
1451  4.6875
1452  8.078125
1453  10.4140625
1454  606.53125
1455  7.921875
1456  69.33594
1457  20.945312
1458  9.4296875
1459  6.359375
1460  2.6796875
1461  2.3046875
1462  2.7578125
1463  3.734375
1464  2.3359375
1465  2.7578125
1466  3.6953125
1467  16.25
1468  3.6640625
1469  7.453125
1470  5.203125
1471  166.05469
1472  36.90625
1473  265.9375
1474  173.98438
1475  18.992188
1476  62.515625
1477  305.3672
1478  16.296875
1479  1.265625
1480  85.64844
1481  84.14844
1482  1.09375
1483  2.1953125
1484  4.6953125
1485  3.5546875
1486  273.0078
1487  1.5625
1488  28.585938
1489  603.83594
1490  14.390625
1491  84.484375
1492  0.8125
1493  603.1094
1494  1556.6953
1495  4.6875
1496  286.46875
1497  931.34375
1498  10.6328125
1499  2.140625
1500  2.0
1501  2.015625
1502  2.53125
1503  3.875
1504  10.296875
1505  10.3203125
1506  1.984375
1507  3.03125
1508  1.984375
1509  116.52344
1510  5.8046875
1511  2.140625
1512  2.125
1513  1.9453125
1514  18.1875
1515  50.59375
1516  55.265625
1517  21.9375
1518  14.84375
1519  74.94531
1520  14.6953125
1521  12.0625
1522  38.25
1523  61.640625
1524  12.5234375
1525  7.34375
1526  2.125
1527  2.109375
1528  2.078125
1529  2.0703125
1530  2.1875
1531  2.15625
1532  2.1015625
1533  6.0546875
1534  2.1640625
1535  27.234375
1536  2.140625
1537  2.1640625
1538  605.78906
1539  138.07031
1540  3.6875
1541  3.4921875
1542  3.84375
1543  4.2578125
1544  4.4140625
1545  3.3359375
1546  603.4922
1547  10.7421875
1548  1.734375
1549  2.7421875
1550  244.69531
1551  130.98438
1552  64.19531
1553  602.8828
1554  603.6797
1555  63.890625
1556  114.46094
1557  17.796875
1558  64.78906
1559  118.10156
1560  112.421875
1561  128.47656
1562  160.60156
1563  1.25
1564  0.109375
1565  0.109375
1566  7.8671875
1567  3.3046875
1568  2.5
1569  3.3203125
1570  2.4765625
1571  3.3125
1572  2.5
1573  5.6640625
1574  3.3203125
1575  2.453125
1576  53.257812
1577  602.6953
1578  306.1875
1579  6.6015625
1580  1.2890625
1581  1.5390625
1582  2.3203125
1583  121.55469
1584  120.55469
1585  603.75
1586  120.52344
1587  15.9453125
1588  602.64844
1589  5.546875
1590  3.3515625
1591  2.46875
1592  314.95312
1593  14.7890625
1594  462.5625
1595  409.41406
1596  602.875
1597  1.1484375
1598  6.4609375
1599  4.1953125
1600  115.07031
1601  138.70312
1602  9.65625
1603  603.2031
1604  312.58594
