1  105.07809
2  117.70693
3  28.866516
4  120.870285
5  8.371185
6  6.370392
7  16.525208
8  10.782379
9  84.56372
10  1.6785278
11  145.30945
12  44.70117
13  7.078186
14  11.14801
15  0.9674072
16  68.26123
17  58.153748
18  362.8969
19  1.9417725
20  77.555176
21  181.59937
22  22.983887
23  92.216675
24  64.43445
25  62.741455
26  1.5750732
27  1.5168457
28  86.5083
29  22.407959
30  21.684692
31  38.34546
32  23.365356
33  1.4238281
34  3.2940674
35  279.2787
36  47.815918
37  111.99414
38  56.82251
39  15.592041
40  13.4104
41  28.92041
42  153.5686
43  28.875488
44  9.110107
45  12.389404
46  47.745117
47  8.203857
48  1.7231445
49  69.61621
50  31.532227
51  23.213623
52  5.085205
53  180.29028
54  29.74414
55  1.4550781
56  6.9467773
57  0.011230469
58  0.0048828125
59  30.130127
60  6.1811523
61  7.02417
62  40.052734
63  42.467773
64  21.23291
65  64.21411
66  31.734863
67  20.505127
68  5.201416
69  66.52002
70  2.7497559
71  38.138184
72  28.760498
73  33.20752
74  0.82788086
75  111.596436
76  211.88281
77  16.242432
78  45.462402
79  60.71289
80  165.83276
81  87.3999
82  20.336426
83  59.694824
84  66.03906
85  51.45215
86  128.25928
87  8.383301
88  11.101074
89  32.506836
90  16.532715
91  20.734863
92  9.177246
93  65.1582
94  51.506348
95  46.575195
96  57.969727
97  1.5644531
98  45.75
99  47.25
100  40.390625
101  17.626465
102  4.8085938
103  56.480957
104  48.646973
105  44.697266
106  90.50781
107  15.197754
108  1.2592773
109  43.43799
110  47.694824
111  10.928223
112  11.98877
113  3.0126953
114  9.563965
115  9.722168
116  6.573242
117  7.673828
118  8.433105
119  16.192383
120  10.415527
121  23.365723
122  44.11133
123  20.348145
124  55.342285
125  7.501953
126  2.5546875
127  4.995117
128  70.50928
129  91.57324
130  21.791992
131  278.5957
132  2.444336
133  52.63672
134  22.239258
135  28.77295
136  18.759766
137  58.756836
138  1.8208008
139  80.03369
140  50.932617
141  62.663086
142  50.04541
143  36.379883
144  25.968262
145  13.854004
146  54.282715
147  51.158203
148  48.458984
149  37.800293
150  11.500977
151  48.679688
152  49.927734
153  54.621094
154  19.398438
155  0.0
156  0.51123047
157  22.06836
158  12.458984
159  41.43164
160  18.826172
161  54.941406
162  59.03711
163  49.302734
164  31.944336
165  21.104492
166  55.333008
167  27.001953
168  21.769043
169  1.3725586
170  4.2475586
171  3.8823242
172  71.69238
173  2.53125
174  13.512207
175  22.10498
176  7.5844727
177  6.3408203
178  9.054199
179  32.90576
180  4.366699
181  53.597168
182  29.411621
183  50.483887
184  47.5459
185  17.01709
186  26.608398
187  5.538086
188  50.851074
189  53.40625
190  19.11377
191  30.003906
192  6.336426
193  7.369629
194  15.233887
195  13.266602
196  4.6220703
197  6.1972656
198  16.578125
199  25.328613
200  39.48291
201  11.551758
202  0.8798828
203  59.334473
204  19.230957
205  32.140625
206  48.950684
207  16.27832
208  32.782227
209  36.82129
210  1.5166016
211  5.600586
212  25.175781
213  14.232422
214  3.6210938
215  4.334961
216  0.7519531
217  0.1640625
218  10.338867
219  12.107422
220  76.05078
221  40.995117
222  8.884766
223  13.236328
224  20.170898
225  0.4638672
226  15.879883
227  48.7041
228  95.237305
229  50.61133
230  49.043945
231  27.824219
232  42.487305
233  46.796875
234  49.625
235  47.11035
236  17.663086
237  40.054688
238  0.4267578
239  0.91308594
240  64.48633
241  33.18164
242  7.149414
243  25.37793
244  19.291992
245  3.2128906
246  4.2958984
247  60.694336
248  20.579102
249  25.520508
250  26.77832
251  293.2881
252  8.999023
253  20.391602
254  28.171875
255  44.166016
256  20.469727
257  159.50293
258  0.7373047
259  42.257812
260  105.88867
261  8.891602
262  15.029297
263  57.183594
264  106.293945
265  56.035156
266  127.9541
267  19.626953
268  26.67871
269  1.9892578
270  128.45312
271  99.94238
272  28.206055
273  22.382812
274  14.358398
275  37.773438
276  1.7871094
277  2.1083984
278  26.955078
279  22.52539
280  2.8046875
281  54.989258
282  4.1914062
283  10.615234
284  92.27832
285  155.82129
286  135.89551
287  121.506836
288  68.93457
289  22.347656
290  26.773438
291  4.703125
292  135.45508
293  3.5205078
294  14.549805
295  21.34375
296  16.039062
297  28.706055
298  59.862305
299  6.1054688
300  10.963867
301  1.2919922
302  24.144531
303  38.331055
304  39.046875
305  128.32617
306  38.688477
307  6.1533203
308  64.075195
309  70.56055
310  209.875
311  21.387695
312  1.6738281
313  18.074219
314  0.46484375
315  149.77832
316  130.56152
317  74.94531
318  11.416016
319  10.475586
320  33.283203
321  168.11719
322  26.65332
323  128.99512
324  23.137695
325  24.324219
326  9.079102
327  15.030273
328  186.67285
329  135.14941
330  39.32715
331  3.4697266
332  21.711914
333  18.668945
334  207.06934
335  5.2490234
336  26.039062
337  11.051758
338  5.265625
339  86.48535
340  25.514648
341  161.78516
342  7.3027344
343  26.566406
344  8.634766
345  87.97461
346  128.3291
347  11.8125
348  63.04297
349  1.0136719
350  35.83496
351  227.88477
352  80.26074
353  35.907227
354  141.78809
355  283.84863
356  9.1015625
357  33.448242
358  37.94629
359  80.93555
360  147.82715
361  63.966797
362  13.285156
363  12.208008
364  9.381836
365  14.762695
366  30.710938
367  134.52148
368  11.678711
369  11.189453
370  5.4658203
371  7.6035156
372  200.88672
373  7.541992
374  6.211914
375  62.176758
376  26.50586
377  4.7646484
378  29.788086
379  29.294922
380  29.058594
381  372.26367
382  85.5957
383  1.8183594
384  150.22656
385  18.564453
386  31.345703
387  22.824219
388  247.04297
389  54.164062
390  84.53906
391  71.94336
392  0.00390625
393  0.00390625
394  4.6445312
395  0.16015625
396  1.5234375
397  0.00390625
398  0.78515625
399  0.00390625
400  1.1992188
401  2.2988281
402  0.00390625
403  10.7265625
404  0.00390625
405  0.00390625
406  0.119140625
407  2.0253906
408  0.005859375
409  0.0078125
410  0.2109375
411  165.78906
412  30.574219
413  72.16016
414  23.072266
415  27.177734
416  12.894531
417  35.021484
418  59.529297
419  115.41016
420  2.1347656
421  209.24805
422  104.71289
423  3.4296875
424  113.302734
425  11.480469
426  90.82031
427  19.490234
428  1.6816406
429  12.0703125
430  146.0586
431  24.99414
432  70.05664
433  128.02539
434  65.572266
435  154.66602
436  47.296875
437  6.326172
438  172.2793
439  47.222656
440  5.71875
441  3.1953125
442  4.7441406
443  10.0390625
444  37.70703
445  5.2089844
446  31.080078
447  2.6191406
448  2.609375
449  15.4296875
450  60.941406
451  71.54297
452  2.15625
453  8.1015625
454  123.33594
455  87.05859
456  72.16992
457  3.0898438
458  85.46289
459  71.43555
460  207.72266
461  187.20508
462  4.1660156
463  9.03125
464  18.535156
465  51.751953
466  14.832031
467  3.3105469
468  22.029297
469  37.070312
470  82.76172
471  17.416016
472  177.4082
473  120.83984
474  2.0722656
475  95.09961
476  219.20117
477  1.8808594
478  59.603516
479  1.1679688
480  13.519531
481  1.8691406
482  7.767578
483  2.5078125
484  29.060547
485  48.603516
486  12.251953
487  22.664062
488  2.0214844
489  2.0332031
490  2.0175781
491  51.85742
492  196.65039
493  165.96289
494  10.6796875
495  232.80469
496  435.46875
497  22.308594
498  6.501953
499  6.095703
500  2.4511719
501  17.046875
502  6.701172
503  69.94531
504  11.0234375
505  34.20508
506  20.96289
507  19.535156
508  65.67969
509  3.0859375
510  0.22851562
511  10.283203
512  56.873047
513  7.71875
514  6.861328
515  86.21094
516  50.898438
517  80.046875
518  318.79883
519  97.833984
520  44.29492
521  1.6933594
522  1.8007812
523  3.9003906
524  52.726562
525  4.3964844
526  8.785156
527  2.5566406
528  1.9667969
529  38.76367
530  26.580078
531  0.0
532  3.4648438
533  2.3515625
534  9.941406
535  15.283203
536  19.328125
537  3.6445312
538  14.689453
539  39.820312
540  28.615234
541  30.642578
542  4.7773438
543  0.00390625
544  0.03125
545  0.00390625
546  0.00390625
547  0.001953125
548  0.00390625
549  0.001953125
550  1.4472656
551  3.2226562
552  0.017578125
553  0.017578125
554  0.029296875
555  0.0234375
556  0.43164062
557  7.109375
558  0.01953125
559  0.017578125
560  0.021484375
561  0.0234375
562  5.189453
563  4.34375
564  2.5019531
565  7.6464844
566  0.015625
567  4.7070312
568  1.4589844
569  1.875
570  14.638672
571  1.2636719
572  3.0058594
573  152.1875
574  63.625
575  11.421875
576  25.017578
577  11.970703
578  1.3515625
579  37.09961
580  28.15625
581  101.74805
582  9.380859
583  44.039062
584  149.29492
585  5.845703
586  10.416016
587  182.61523
588  9.011719
589  97.82617
590  92.4707
591  39.615234
592  4.8867188
593  119.70703
594  73.01953
595  4.345703
596  8.416016
597  12.095703
598  39.23047
599  114.01172
600  1.4707031
601  1.9082031
602  23.77539
603  98.171875
604  11.810547
605  84.046875
606  3.8085938
607  79.41992
608  12.46875
609  27.529297
610  4.3710938
611  10.501953
612  77.97656
613  53.64453
614  43.035156
615  3.4414062
616  4.9140625
617  1.0546875
618  1.6699219
619  72.125
620  271.83398
621  53.966797
622  45.320312
623  47.179688
624  79.896484
625  160.89258
626  14.261719
627  29.96289
628  37.560547
629  34.320312
630  9.275391
631  18.15625
632  105.52539
633  29.58789
634  1.4746094
635  5.5214844
636  21.30664
637  22.99414
638  14.949219
639  1.2382812
640  0.6816406
641  319.29883
642  77.00586
643  15.824219
644  4.544922
645  4.1015625
646  8.001953
647  0.033203125
648  24.316406
649  22.771484
650  10.855469
651  5.4628906
652  10.873047
653  20.259766
654  1.3925781
655  4.2128906
656  24.816406
657  7.2539062
658  44.384766
659  19.08789
660  19.185547
661  2.3808594
662  18.308594
663  113.87109
664  84.50781
665  3.0117188
666  0.005859375
667  0.005859375
668  4.6816406
669  1.2578125
670  89.04492
671  173.54883
672  0.09375
673  21.61914
674  31.046875
675  33.585938
676  6.8945312
677  89.04492
678  30.697266
679  312.33398
680  42.85742
681  25.617188
682  24.658203
683  66.71484
684  411.39258
685  1.3828125
686  106.05664
687  86.42383
688  41.240234
689  20.810547
690  28.314453
691  29.300781
692  29.673828
693  135.26758
694  70.078125
695  1.71875
696  93.26172
697  0.001953125
698  203.10938
699  0.001953125
700  114.02734
701  45.29297
702  18.847656
703  13.064453
704  42.640625
705  38.523438
706  61.410156
707  2.3867188
708  48.808594
709  40.48242
710  6.2285156
711  124.13086
712  20.289062
713  50.408203
714  35.25586
715  170.83398
716  23.896484
717  31.11914
718  58.41797
719  69.58594
720  12.917969
721  18.359375
722  144.1875
723  40.67578
724  56.23242
725  1.8808594
726  2.1464844
727  2.2148438
728  1.2675781
729  2.1425781
730  6.875
731  1.2597656
732  2.1367188
733  2.1914062
734  1.2597656
735  2.3671875
736  16.894531
737  311.5703
738  56.464844
739  0.001953125
740  0.9042969
741  104.44922
742  40.625
743  8.896484
744  47.48633
745  17.960938
746  174.64258
747  9.845703
748  29.566406
749  9.089844
750  3.2207031
751  94.521484
752  2.4199219
753  0.01171875
754  0.013671875
755  12.626953
756  48.845703
757  99.53125
758  27.371094
759  2.5820312
760  9.3671875
761  38.789062
762  2.5742188
763  22.828125
764  196.30469
765  7.2070312
766  11.050781
767  198.80469
768  0.23046875
769  286.2422
770  55.60547
771  1.2695312
772  27.226562
773  73.97656
774  5.46875
775  229.16406
776  5.0625
777  203.17969
778  77.98828
779  11.921875
780  2.4296875
781  0.9921875
782  53.816406
783  19.882812
784  10.765625
785  0.671875
786  90.94141
787  88.24609
788  43.367188
789  45.35547
790  52.71875
791  31.800781
792  3.40625
793  22.808594
794  21.996094
795  42.75
796  41.140625
797  46.84375
798  0.984375
799  10.136719
800  24.648438
801  52.785156
802  17.523438
803  14.738281
804  3.3125
805  7.4726562
806  44.683594
807  39.195312
808  3.453125
809  7.734375
810  38.11328
811  12.046875
812  76.92969
813  45.234375
814  175.53906
815  344.1289
816  194.90625
817  0.8515625
818  0.84765625
819  3.0195312
820  0.8125
821  0.828125
822  156.88672
823  62.26172
824  30.144531
825  64.28906
826  79.125
827  111.4375
828  13.589844
829  55.58203
830  139.20703
831  3.2539062
832  4.015625
833  63.101562
834  2.453125
835  0.98046875
836  25.3125
837  25.214844
838  24.1875
839  14.886719
840  84.609375
841  51.11328
842  10.3984375
843  332.48047
844  138.35938
845  65.44922
846  7.6992188
847  7.2929688
848  25.574219
849  9.828125
850  9.7578125
851  9.4375
852  9.03125
853  22.25
854  151.75781
855  4.5703125
856  49.902344
857  284.16797
858  255.625
859  27.15625
860  27.695312
861  22.296875
862  22.988281
863  20.671875
864  55.41797
865  83.27734
866  86.83984
867  33.539062
868  34.785156
869  290.92188
870  286.6328
871  1.4140625
872  22.476562
873  30.917969
874  7.6367188
875  29.941406
876  133.8125
877  1.6875
878  0.0
879  134.60547
880  84.26172
881  264.91406
882  11.1796875
883  55.61328
884  132.0625
885  9.9296875
886  46.277344
887  16.5625
888  5.0742188
889  5.8710938
890  11.15625
891  1.8632812
892  1.265625
893  197.19922
894  56.328125
895  179.26953
896  70.99219
897  145.4961
898  45.472656
899  11.09375
900  86.02344
901  58.41797
902  220.9336
903  112.99219
904  89.140625
905  33.101562
906  35.820312
907  134.82422
908  241.85938
909  46.597656
910  20.175781
911  17.796875
912  31.0625
913  73.21094
914  2.6640625
915  36.94922
916  0.0
917  0.0
918  71.54297
919  36.253906
920  20.65625
921  51.0
922  34.59375
923  155.10156
924  1.9882812
925  6.1367188
926  124.70703
927  133.98828
928  51.640625
929  0.90625
930  3.6484375
931  119.94922
932  19.140625
933  21.894531
934  134.95312
935  4.921875
936  7.8828125
937  8.28125
938  8.136719
939  22.960938
940  67.203125
941  11.949219
942  24.753906
943  0.0
944  0.00390625
945  4.3164062
946  42.785156
947  7.1210938
948  38.5625
949  24.066406
950  97.83203
951  34.929688
952  117.80469
953  26.242188
954  0.4140625
955  15.1875
956  41.496094
957  118.68359
958  0.0
959  0.0
960  33.6875
961  6.2734375
962  3.9023438
963  85.17578
964  78.80469
965  3.0859375
966  320.39844
967  54.003906
968  109.37109
969  149.1211
970  50.402344
971  326.47266
972  34.179688
973  2.3242188
974  2.8789062
975  10.207031
976  1.8789062
977  16.371094
978  5.7734375
979  148.20312
980  108.69531
981  66.578125
982  6.8671875
983  3.734375
984  3.21875
985  22.039062
986  17.816406
987  5.8359375
988  5.3125
989  11.597656
990  8.4296875
991  4.2773438
992  7.90625
993  6.8867188
994  24.601562
995  2.6015625
996  10.535156
997  11.738281
998  9.2578125
999  4.4765625
1000  0.0
1001  0.0
1002  0.015625
1003  7.8554688
1004  1.0078125
1005  3.9492188
1006  1.484375
1007  10.707031
1008  0.234375
1009  0.44140625
1010  3.75
1011  7.9296875
1012  1.796875
1013  0.828125
1014  3.1875
1015  8.402344
1016  2.7304688
1017  0.60546875
1018  0.37109375
1019  4.28125
1020  6.3320312
1021  11.2109375
1022  1.921875
1023  0.44921875
1024  3.3828125
1025  14.984375
1026  2.484375
1027  16.402344
1028  34.89453
1029  5.453125
1030  19.671875
1031  9.1171875
1032  15.7109375
1033  145.61719
1034  179.38281
1035  43.39453
1036  3.0117188
1037  4.6601562
1038  3.421875
1039  2.3242188
1040  14.84375
1041  26.203125
1042  2.3203125
1043  2.6914062
1044  14.390625
1045  7.4648438
1046  9.917969
1047  12.910156
1048  6.7734375
1049  10.6484375
1050  6.46875
1051  6.6289062
1052  7.53125
1053  7.109375
1054  5.71875
1055  5.203125
1056  6.0507812
1057  6.5585938
1058  8.910156
1059  6.5078125
1060  6.03125
1061  1.1679688
1062  5.3710938
1063  6.9101562
1064  6.9023438
1065  7.6914062
1066  23.429688
1067  12.3984375
1068  11.066406
1069  19.148438
1070  71.33984
1071  0.375
1072  0.7421875
1073  0.2578125
1074  16.382812
1075  64.75781
1076  48.039062
1077  70.109375
1078  8.5546875
1079  175.19922
1080  33.683594
1081  3.203125
1082  6.0429688
1083  3.8867188
1084  44.765625
1085  313.3672
1086  49.378906
1087  6.0390625
1088  144.65234
1089  178.57812
1090  9.152344
1091  53.39453
1092  244.51562
1093  80.63281
1094  57.023438
1095  86.83984
1096  5.59375
1097  7.5429688
1098  350.64844
1099  52.476562
1100  16.296875
1101  8.027344
1102  144.38672
1103  125.453125
1104  4.6523438
1105  12.824219
1106  13.625
1107  35.753906
1108  26.578125
1109  43.29297
1110  1.7382812
1111  60.84375
1112  17.90625
1113  51.808594
1114  8.667969
1115  6.7460938
1116  11.824219
1117  12.1484375
1118  78.83203
1119  117.11719
1120  37.671875
1121  21.414062
1122  4.140625
1123  0.91015625
1124  186.1875
1125  10.503906
1126  99.38281
1127  172.88672
1128  24.542969
1129  95.5
1130  19.332031
1131  24.003906
1132  47.765625
1133  7.4453125
1134  114.44922
1135  41.214844
1136  44.378906
1137  54.19922
1138  165.22266
1139  67.47656
1140  23.988281
1141  7.5234375
1142  125.21484
1143  4.1210938
1144  30.542969
1145  1.6992188
1146  1.9179688
1147  45.179688
1148  107.828125
1149  33.05078
1150  10.214844
1151  17.078125
1152  23.554688
1153  0.34375
1154  199.98438
1155  29.695312
1156  20.15625
1157  575.6328
1158  15.8515625
1159  8.2578125
1160  10.722656
1161  54.320312
1162  18.46875
1163  46.96875
1164  154.59766
1165  18.992188
1166  1.46875
1167  2.0
1168  60.15625
1169  1.8203125
1170  19.050781
1171  75.70703
1172  36.375
1173  59.79297
1174  0.234375
1175  23.949219
1176  58.890625
1177  58.617188
1178  115.17969
1179  106.28516
1180  0.9296875
1181  328.90234
1182  0.00390625
1183  0.0
1184  0.5
1185  0.0078125
1186  0.0
1187  0.0
1188  0.0
1189  0.9453125
1190  1.875
1191  0.1328125
1192  1.0195312
1193  0.0
1194  0.53515625
1195  1.546875
1196  1.4257812
1197  11.234375
1198  16.914062
1199  30.078125
1200  20.359375
1201  9.640625
1202  91.44922
1203  5.390625
1204  265.32422
1205  2.0585938
1206  2.0703125
1207  106.234375
1208  129.57031
1209  15.765625
1210  5.2773438
1211  187.70703
1212  116.43359
1213  8.2734375
1214  131.94531
1215  308.69922
1216  264.1953
1217  344.23828
1218  40.125
1219  57.73828
1220  73.75391
1221  25.433594
1222  18.289062
1223  42.9375
1224  20.734375
1225  122.37891
1226  15.671875
1227  85.86328
1228  38.773438
1229  63.089844
1230  1.7851562
1231  194.07422
1232  239.39453
1233  17.191406
1234  63.66797
1235  9.65625
1236  11.589844
1237  9.3984375
1238  47.71875
1239  20.480469
1240  8.5078125
1241  84.90234
1242  5.3046875
1243  110.51172
1244  57.85547
1245  52.304688
1246  264.41406
1247  92.265625
1248  16.210938
1249  25.113281
1250  46.3125
1251  24.175781
1252  176.58594
1253  55.996094
1254  29.355469
1255  22.0625
1256  55.11328
1257  220.50781
1258  363.7422
1259  24.953125
1260  19.191406
1261  56.63672
1262  2.9960938
1263  0.0078125
1264  37.51172
1265  49.76953
1266  13.1953125
1267  45.289062
1268  183.90234
1269  210.45312
1270  164.32031
1271  76.03125
1272  5.0742188
1273  21.242188
1274  2.1445312
1275  103.76172
1276  11.699219
1277  23.453125
1278  11.28125
1279  0.3046875
1280  12.074219
1281  5.0546875
1282  32.48828
1283  5.4492188
1284  34.203125
1285  43.945312
1286  4.5898438
1287  6.0859375
1288  22.0
1289  191.35547
1290  56.882812
1291  78.36719
1292  52.98828
1293  234.79297
1294  96.015625
1295  63.628906
1296  11.5703125
1297  143.26953
1298  75.29297
1299  5.6484375
1300  25.75
1301  62.683594
1302  214.33984
1303  33.015625
1304  231.58594
1305  274.04297
1306  0.72265625
1307  7.5625
1308  58.507812
1309  106.546875
1310  295.40234
1311  517.3281
1312  264.8164
1313  8.300781
1314  60.28125
1315  3.6757812
1316  3.5078125
1317  2.6679688
1318  63.445312
1319  29.816406
1320  68.72266
1321  80.69922
1322  56.05078
1323  288.91406
1324  29.160156
1325  11.40625
1326  1.5
1327  270.42578
1328  17.941406
1329  228.33984
1330  7.2148438
1331  144.50781
1332  1.671875
1333  42.777344
1334  184.36328
1335  13.480469
1336  9.015625
1337  141.25
1338  51.121094
1339  355.26953
1340  78.83594
1341  28.097656
1342  137.14844
1343  65.27734
1344  127.93359
1345  314.82812
1346  582.9922
1347  5.53125
1348  48.195312
1349  27.054688
1350  101.27344
1351  62.992188
1352  30.039062
1353  17.0
1354  47.484375
1355  208.98438
1356  73.22656
1357  33.09375
1358  9.375
1359  84.82031
1360  61.734375
1361  283.84375
1362  54.09375
1363  55.992188
1364  143.78125
1365  22.9375
1366  19.65625
1367  17.148438
1368  20.914062
1369  8.0078125
1370  53.695312
1371  7.75
1372  351.1797
1373  45.9375
1374  1.359375
1375  7.828125
1376  10.8984375
1377  73.99219
1378  158.67188
1379  0.40625
1380  339.17188
1381  182.51562
1382  3.2109375
1383  67.28906
1384  287.76562
1385  91.84375
1386  9.2578125
1387  202.73438
1388  58.210938
1389  30.835938
1390  30.617188
1391  2.15625
1392  18.203125
1393  48.007812
1394  4.1015625
1395  2.1171875
1396  23.601562
1397  8.1328125
1398  34.726562
1399  10.6875
1400  5.2265625
1401  2.03125
1402  40.9375
1403  21.90625
1404  53.398438
1405  66.92969
1406  3.6171875
1407  46.398438
1408  0.5703125
1409  6.984375
1410  4.2734375
1411  16.328125
1412  40.9375
1413  9.296875
1414  72.21094
1415  29.703125
1416  59.15625
1417  92.64844
1418  40.53125
1419  47.375
1420  1.2421875
1421  248.46094
1422  1.0234375
1423  120.46875
1424  32.539062
1425  16.351562
1426  276.6875
1427  0.3359375
1428  0.1796875
1429  10.8046875
1430  0.015625
1431  0.0625
1432  0.0234375
1433  97.63281
1434  16.742188
1435  248.17969
1436  136.5625
1437  294.53125
1438  178.96094
1439  250.09375
1440  290.59375
1441  6.9296875
1442  1.21875
1443  10.7265625
1444  53.40625
1445  7.015625
1446  113.484375
1447  24.953125
1448  237.78125
1449  5.7109375
1450  1.859375
1451  34.195312
1452  40.75
1453  11.1953125
1454  177.45312
1455  13.3125
1456  170.75781
1457  287.71094
1458  138.67188
1459  117.30469
1460  105.32031
1461  256.51562
1462  2.2734375
1463  304.8047
1464  193.47656
1465  347.33594
1466  154.625
1467  5.140625
1468  1.4609375
1469  4.3984375
1470  17.5625
1471  56.75
1472  33.359375
1473  135.14062
1474  234.25
1475  362.42188
1476  105.96094
1477  100.0625
1478  224.46094
1479  244.69531
1480  2.7578125
1481  13.171875
1482  13.296875
1483  63.210938
1484  5.859375
1485  123.828125
1486  155.51562
1487  223.85156
1488  187.79688
1489  216.84375
1490  30.234375
1491  18.601562
1492  97.640625
1493  50.429688
1494  109.15625
1495  92.46875
1496  32.71875
1497  1.6875
1498  1.6171875
1499  9.9609375
1500  244.39844
1501  82.30469
1502  169.86719
1503  11.8046875
1504  213.55469
1505  119.13281
1506  55.109375
1507  6.546875
1508  1.3046875
1509  4.015625
1510  43.40625
1511  119.72656
1512  136.88281
1513  71.96875
1514  22.132812
1515  4.3359375
1516  3.6328125
1517  37.914062
1518  62.734375
1519  8.2109375
1520  215.36719
1521  223.00781
1522  63.539062
1523  354.09375
1524  68.02344
1525  43.335938
1526  55.40625
1527  0.0
1528  36.0
1529  0.8203125
1530  1.3984375
1531  25.3125
1532  25.09375
1533  62.703125
1534  11.9140625
1535  186.42188
1536  4.796875
1537  114.796875
1538  19.859375
1539  37.96875
1540  13.7421875
1541  3.84375
1542  12.7265625
1543  24.34375
1544  74.546875
1545  75.75
1546  34.234375
1547  56.289062
1548  46.992188
1549  138.14844
1550  160.02344
1551  54.78125
1552  6.390625
1553  230.79688
1554  15.9140625
1555  2.4453125
1556  4.4609375
1557  13.8125
1558  1.65625
1559  3.796875
1560  48.78125
1561  339.08594
1562  164.42188
1563  374.01562
1564  1.4453125
1565  2.640625
1566  148.26562
1567  216.25781
1568  83.703125
1569  1.5859375
1570  2.3515625
1571  24.484375
1572  2.109375
1573  1.3671875
1574  23.476562
1575  21.164062
1576  3.359375
1577  86.08594
1578  13.7890625
1579  15.9453125
1580  72.55469
1581  113.08594
1582  171.30469
1583  24.289062
1584  0.015625
1585  16.195312
1586  17.570312
1587  111.75781
1588  4.0859375
1589  42.34375
1590  9.03125
1591  13.65625
1592  126.02344
1593  0.0390625
1594  0.0078125
1595  7.5234375
1596  25.96875
1597  33.789062
1598  8.25
1599  1.265625
1600  1.46875
1601  71.75781
1602  14.390625
1603  113.32031
1604  268.25
1605  12.2109375
1606  4.5
1607  108.16406
1608  20.101562
1609  2.6015625
1610  183.47656
1611  53.234375
1612  38.375
1613  112.015625
1614  5.96875
1615  41.75
1616  206.53906
1617  11.640625
1618  8.1796875
1619  14.890625
1620  32.8125
1621  33.484375
