1  91.56503
2  34.988327
3  3.5379639
4  4.911484
5  59.645966
6  21.744385
7  101.50995
8  15.11145
9  94.766846
10  155.7073
11  4.554077
12  8.15271
13  1.1098633
14  12.666382
15  1.1051025
16  5.8433228
17  5.1400757
18  36.53015
19  25.849915
20  51.66925
21  19.201416
22  29.318054
23  2.2017212
24  54.079773
25  8.989624
26  115.89569
27  16.408264
28  21.989014
29  189.5581
30  165.35559
31  2.7373047
32  23.544678
33  34.971436
34  11.659302
35  5.692627
36  5.937622
37  16.32898
38  35.137085
39  1.541748
40  1.4814453
41  7.699951
42  13.33252
43  4.2977295
44  2.0405273
45  2.3665771
46  4.88501
47  4.053955
48  0.1821289
49  5.2178955
50  105.96704
51  3.2027588
52  11.067871
53  9.767334
54  32.025513
55  44.073853
56  1.3254395
57  1.9588623
58  1.7044678
59  15.933105
60  4.093994
61  2.2199707
62  26.163208
63  22.217285
64  8.930298
65  51.67688
66  6.9005127
67  0.0
68  2.4414062E-4
69  7.913208
70  39.207764
71  71.12756
72  159.21765
73  38.774414
74  157.06616
75  20.324707
76  4.642578
77  13.72168
78  0.9448242
79  8.965576
80  21.598877
81  5.8723145
82  7.7717285
83  1.2126465
84  0.38964844
85  0.24023438
86  29.500244
87  0.5888672
88  1.9086914
89  2.026123
90  1.9211426
91  3.9589844
92  19.678955
93  2.8925781
94  36.149902
95  30.259766
96  17.63916
97  6.9523926
98  65.7146
99  9.0720215
100  6.706543
101  20.901367
102  30.73584
103  45.111816
104  91.54028
105  88.99878
106  26.812744
107  130.29956
108  5.382324
109  38.797607
110  14.985352
111  30.911621
112  3.8444824
113  35.128662
114  5.9885254
115  79.43213
116  2.9782715
117  15.434814
118  4.7297363
119  28.679688
120  20.123047
121  26.60083
122  16.303955
123  1.0827637
124  4.3894043
125  6.649414
126  2.1691895
127  1.8491211
128  49.430664
129  2.484375
130  3.5029297
131  54.261963
132  42.62036
133  130.70386
134  15.157227
135  82.46411
136  64.749756
137  44.755615
138  6.22876
139  21.293701
140  41.487305
141  15.6813965
142  111.10254
143  22.21875
144  39.2666
145  55.12793
146  11.681641
147  3.1582031
148  37.995117
149  25.449707
150  37.85742
151  19.068848
152  26.0
153  0.8144531
154  55.668945
155  2.2631836
156  7.040039
157  20.607422
158  12.47168
159  19.791016
160  26.653809
161  17.97705
162  19.011719
163  49.387207
164  42.980957
165  3.4033203
166  0.56640625
167  24.456055
168  3.5688477
169  0.03466797
170  2.652832
171  0.052246094
172  4.3125
173  28.845703
174  16.91748
175  5.010742
176  30.969727
177  9.547852
178  22.936523
179  6.2456055
180  42.154785
181  5.186035
182  4.79834
183  3.7592773
184  4.2265625
185  13.1328125
186  21.14795
187  59.88672
188  76.02002
189  48.32422
190  31.229004
191  9.789551
192  44.21045
193  24.671387
194  20.919922
195  46.711914
196  46.114746
197  12.269043
198  12.97998
199  45.010742
200  67.06738
201  30.932617
202  7.370117
203  120.66846
204  13.162598
205  16.889648
206  10.430176
207  72.91699
208  21.675293
209  25.822266
210  58.65039
211  49.71631
212  7.538574
213  35.62549
214  61.108887
215  122.73779
216  9.22168
217  372.937
218  23.578125
219  87.56152
220  73.59863
221  108.19336
222  6.894043
223  18.04541
224  10.969727
225  63.467773
226  27.297852
227  22.835938
228  4.9785156
229  9.07959
230  19.47168
231  60.552734
232  55.419434
233  154.92285
234  40.31299
235  21.988281
236  53.22754
237  2.7192383
238  105.76074
239  43.695312
240  101.69922
241  62.979004
242  15.544922
243  6.8603516
244  4.669922
245  12.296387
246  10.872559
247  4.663086
248  181.37207
249  8.086426
250  145.82178
251  22.44873
252  24.861328
253  17.100586
254  68.87402
255  29.100586
256  29.65039
257  143.77539
258  24.676758
259  11.924805
260  10.817383
261  0.8388672
262  29.683594
263  26.845703
264  2.9160156
265  24.423828
266  11.290039
267  179.15234
268  29.239258
269  15.9296875
270  1.2177734
271  29.441406
272  12.94043
273  40.716797
274  18.375
275  4.540039
276  4.4609375
277  9.65332
278  2.9003906
279  0.41992188
280  0.9267578
281  24.583984
282  32.095703
283  74.490234
284  180.16211
285  10.268555
286  33.81836
287  1.2529297
288  26.330078
289  25.887695
290  86.88965
291  17.429688
292  84.34473
293  35.725586
294  58.160156
295  0.0625
296  2.5410156
297  13.237305
298  19.104492
299  32.20215
300  4.9697266
301  8.53125
302  8.758789
303  184.23633
304  4.2529297
305  8.928711
306  16.864258
307  34.376953
308  15.259766
309  138.27637
310  7.435547
311  0.7763672
312  2.1894531
313  81.399414
314  44.305664
315  12.405273
316  7.0751953
317  8.7109375
318  38.5166
319  192.00977
320  0.76953125
321  115.04492
322  98.38867
323  47.61035
324  14.113281
325  57.433594
326  9.755859
327  1.4853516
328  1.9697266
329  2.2949219
330  9.035156
331  67.788086
332  63.989258
333  2.303711
334  9.34082
335  32.31543
336  8.703125
337  2.2685547
338  157.38965
339  29.132812
340  30.044922
341  1.0029297
342  1.4306641
343  20.146484
344  1.9853516
345  43.036133
346  9.208984
347  143.29688
348  70.11426
349  78.12305
350  11.731445
351  21.917969
352  16.286133
353  219.84277
354  83.22461
355  62.061523
356  19.572266
357  4.286133
358  5.6289062
359  16.916016
360  5.9433594
361  18.082031
362  5.9345703
363  153.76172
364  103.25
365  5.9384766
366  61.84082
367  18.714844
368  4.192383
369  0.46875
370  32.188477
371  9.537109
372  13.12793
373  42.35742
374  0.171875
375  37.7041
376  36.498047
377  55.620117
378  47.72754
379  34.333008
380  0.6533203
381  18.761719
382  43.154297
383  11.09375
384  10.765625
385  3.2333984
386  6.354492
387  2.5908203
388  30.359375
389  10.6875
390  13.513672
391  3.6523438
392  54.37207
393  64.97363
394  3.3867188
395  3.5664062
396  95.68945
397  6.8623047
398  19.014648
399  3.2421875
400  42.40625
401  5.571289
402  34.245117
403  27.624023
404  66.666016
405  11.788086
406  28.010742
407  3.75
408  13.685547
409  0.0
410  0.0087890625
411  82.299805
412  111.82715
413  94.69824
414  201.29492
415  2.8339844
416  14.394531
417  31.59668
418  57.618164
419  7.258789
420  51.32617
421  10.764648
422  20.095703
423  2.9716797
424  172.92188
425  4.321289
426  19.685547
427  37.50879
428  5.2529297
429  40.69629
430  61.770508
431  70.61035
432  9.050781
433  2.444336
434  3.2695312
435  5.4628906
436  19.623047
437  26.229492
438  41.316406
439  2.046875
440  3.4765625
441  1.6386719
442  3.756836
443  0.22851562
444  2.5800781
445  6.899414
446  35.168945
447  2.2617188
448  3.2529297
449  9.941406
450  36.739258
451  2.4726562
452  2.4824219
453  2.6259766
454  3.428711
455  3.3398438
456  32.353516
457  2.0478516
458  3.4541016
459  14.951172
460  2.4589844
461  2.4492188
462  3.3417969
463  27.286133
464  0.66796875
465  2.0517578
466  3.4736328
467  6.2373047
468  3.2421875
469  2.4589844
470  2.5966797
471  2.428711
472  2.602539
473  5.020508
474  78.54883
475  11.6484375
476  23.47461
477  0.20898438
478  1.4912109
479  4.022461
480  110.06836
481  3.0732422
482  18.21582
483  40.134766
484  32.719727
485  95.91797
486  9.019531
487  15.946289
488  50.689453
489  126.71387
490  2.319336
491  16.043945
492  110.76074
493  77.61133
494  1.9736328
495  16.947266
496  40.518555
497  64.72656
498  179.80469
499  23.957031
500  27.554688
501  27.131836
502  21.396484
503  21.621094
504  50.310547
505  76.22363
506  15.297852
507  31.661133
508  41.774414
509  2.8066406
510  46.021484
511  83.009766
512  25.433594
513  14.330078
514  13.707031
515  55.640625
516  54.98633
517  22.921875
518  2.71875
519  97.50195
520  6.8125
521  18.72461
522  5.732422
523  29.36914
524  11.1484375
525  1.9707031
526  47.427734
527  8.667969
528  51.521484
529  36.308594
530  1.28125
531  36.91797
532  16.882812
533  22.359375
534  32.378906
535  10.423828
536  7.5546875
537  0.12695312
538  64.24219
539  21.085938
540  8.751953
541  2.3515625
542  18.142578
543  15.1328125
544  11.689453
545  11.246094
546  48.86914
547  36.898438
548  5.1875
549  45.29492
550  3.0429688
551  5.205078
552  15.402344
553  10.748047
554  4.2070312
555  3.7128906
556  23.75
557  1.5722656
558  3.3359375
559  9.970703
560  35.179688
561  6.1816406
562  21.02539
563  38.533203
564  19.714844
565  2.1445312
566  15.611328
567  15.1328125
568  23.316406
569  50.728516
570  0.24609375
571  9.738281
572  83.37305
573  23.535156
574  70.921875
575  1.4824219
576  7.1796875
577  14.8125
578  125.19922
579  15.728516
580  61.552734
581  1.1875
582  4.7871094
583  68.41406
584  58.091797
585  61.416016
586  46.55078
587  4.5039062
588  1.4023438
589  1.3925781
590  2.9882812
591  12.759766
592  137.9707
593  22.945312
594  17.84961
595  6.6835938
596  17.96875
597  10.029297
598  15.064453
599  15.8515625
600  21.699219
601  4.564453
602  11.673828
603  1.46875
604  22.96289
605  4.8476562
606  33.88672
607  11.275391
608  8.621094
609  64.58203
610  13.359375
611  2.2207031
612  0.6816406
613  17.908203
614  8.642578
615  30.626953
616  5.9296875
617  84.302734
618  7.716797
619  15.533203
620  0.5292969
621  24.980469
622  15.505859
623  21.408203
624  26.798828
625  6.2128906
626  1.6796875
627  22.605469
628  19.96289
629  4.1484375
630  11.480469
631  1.4238281
632  2.3769531
633  22.421875
634  12.609375
635  27.134766
636  58.023438
637  26.484375
638  5.0390625
639  7.3339844
640  2.1445312
641  22.605469
642  0.49609375
643  11.121094
644  3.6386719
645  1.734375
646  9.478516
647  38.94336
648  80.853516
649  26.488281
650  2.7832031
651  76.11133
652  9.6015625
653  15.837891
654  2.2363281
655  68.96875
656  2.2402344
657  8.2109375
658  39.03711
659  65.48828
660  16.390625
661  2.2753906
662  2.6054688
663  4.330078
664  5.0507812
665  53.08789
666  12.044922
667  5.3964844
668  9.451172
669  4.8652344
670  7.2382812
671  11.625
672  6.560547
673  2.1914062
674  0.8378906
675  1.1933594
676  1.9335938
677  23.152344
678  68.447266
679  3.5957031
680  25.111328
681  11.759766
682  3.4921875
683  0.8496094
684  1.3945312
685  3.7304688
686  5.8320312
687  59.94336
688  0.7753906
689  1.0234375
690  6.9101562
691  23.94336
692  23.757812
693  4.2753906
694  9.238281
695  0.33203125
696  4.1757812
697  14.363281
698  8.121094
699  30.289062
700  0.625
701  1.3144531
702  14.552734
703  0.7714844
704  1.3730469
705  8.216797
706  3.78125
707  74.771484
708  44.5
709  82.16797
710  21.976562
711  14.3125
712  63.28125
713  9.986328
714  37.06836
715  7.2773438
716  5.357422
717  0.734375
718  33.589844
719  5.2265625
720  4.1035156
721  2.4316406
722  0.859375
723  47.126953
724  8.677734
725  0.62890625
726  2.8867188
727  10.113281
728  1.7050781
729  8.185547
730  2.6699219
731  27.578125
732  54.76367
733  28.824219
734  26.371094
735  27.980469
736  27.039062
737  27.921875
738  26.154297
739  25.169922
740  3.7070312
741  3.7421875
742  3.4648438
743  3.8789062
744  19.533203
745  20.259766
746  18.392578
747  8.841797
748  28.695312
749  2.5175781
750  0.28125
751  17.175781
752  31.304688
753  17.796875
754  0.68359375
755  70.103516
756  36.742188
757  7.7304688
758  10.5390625
759  0.03125
760  99.13672
761  4.748047
762  15.4921875
763  18.734375
764  6.46875
765  2.3886719
766  17.699219
767  77.74609
768  77.12891
769  5.359375
770  4.0351562
771  2.9804688
772  76.82422
773  19.019531
774  14.691406
775  3.265625
776  9.396484
777  4.6015625
778  6.4921875
779  13.886719
780  1.0800781
781  3.1113281
782  4.3535156
783  5.4121094
784  0.7011719
785  39.01367
786  1.6835938
787  16.003906
788  28.40625
789  19.296875
790  7.326172
791  27.509766
792  36.41211
793  27.779297
794  68.43164
795  56.085938
796  1.5371094
797  69.93945
798  30.728516
799  0.3046875
800  28.759766
801  3.4453125
802  43.00586
803  17.572266
804  19.164062
805  41.1875
806  102.88672
807  1.4726562
808  47.93164
809  73.55469
810  90.47266
811  86.35547
812  105.32422
813  39.64453
814  114.16406
815  33.271484
816  125.708984
817  24.109375
818  30.25586
819  6.7851562
820  127.9082
821  131.44336
822  8.746094
823  59.753906
824  56.59961
825  4.7695312
826  43.478516
827  6.5078125
828  44.63672
829  59.45117
830  44.95117
831  46.07422
832  15.724609
833  44.521484
834  3.7792969
835  11.630859
836  30.871094
837  27.095703
838  16.791016
839  114.333984
840  89.291016
841  95.43164
842  2.8457031
843  11.162109
844  11.191406
845  27.908203
846  11.349609
847  12.121094
848  205.07812
849  2.8027344
850  123.958984
851  1.9707031
852  7.033203
853  157.40625
854  26.546875
855  99.64453
856  64.16406
857  15.9765625
858  74.33594
859  5.0878906
860  57.703125
861  45.820312
862  59.171875
863  21.996094
864  1.4648438
865  22.847656
866  14.146484
867  60.45117
868  35.396484
869  1.6796875
870  35.11328
871  269.1504
872  0.60546875
873  46.46875
874  49.73047
875  10.888672
876  2.6796875
877  28.166016
878  7.5097656
879  67.884766
880  3.3027344
881  2.8398438
882  16.515625
883  13.779297
884  16.279297
885  109.86133
886  4.7734375
887  48.07422
888  0.4765625
889  94.43945
890  44.83008
891  1.4589844
892  1.6015625
893  1.4492188
894  1.4589844
895  1.5585938
896  1.4902344
897  6.6523438
898  115.47656
899  3.2441406
900  41.865234
901  60.65625
902  3.9179688
903  32.414062
904  1.9628906
905  10.576172
906  28.359375
907  27.65039
908  4.2285156
909  28.388672
910  62.57422
911  23.582031
912  40.1875
913  15.214844
914  19.396484
915  64.45703
916  139.76367
917  52.11914
918  91.04883
919  29.396484
920  12.732422
921  57.953125
922  11.716797
923  0.34960938
924  58.42578
925  2.2363281
926  23.261719
927  13.009766
928  2.7441406
929  37.82422
930  83.98828
931  14.019531
932  2.96875
933  2.9082031
934  7.6914062
935  6.435547
936  101.98047
937  19.34961
938  15.490234
939  117.0625
940  42.816406
941  5.3125
942  11.431641
943  8.892578
944  66.50586
945  105.33789
946  12.791016
947  92.07617
948  2.8203125
949  18.333984
950  0.017578125
951  45.164062
952  35.16797
953  59.492188
954  5.669922
955  67.67969
956  24.22461
957  28.638672
958  2.9667969
959  92.416016
960  17.41211
961  3.5273438
962  160.5918
963  16.808594
964  3.9238281
965  36.70117
966  44.992188
967  4.5078125
968  21.521484
969  207.16797
970  2.8710938
971  73.84961
972  80.48242
973  97.875
974  11.7578125
975  40.935547
976  126.14844
977  1.1640625
978  18.091797
979  23.386719
980  79.69922
981  17.726562
982  6.515625
983  3.171875
984  45.86328
985  75.77539
986  36.53711
987  72.265625
988  18.703125
989  56.966797
990  0.42382812
991  7.2734375
992  28.375
993  36.132812
994  0.7265625
995  44.921875
996  44.027344
997  2.7304688
998  15.316406
999  30.414062
1000  15.478516
1001  3.609375
1002  4.03125
1003  19.958984
1004  1.9433594
1005  2.3652344
1006  77.12891
1007  22.691406
1008  10.970703
1009  54.17578
1010  73.31836
1011  18.316406
1012  77.30469
1013  23.892578
1014  0.68359375
1015  120.0
1016  96.365234
1017  82.91992
1018  5.609375
1019  12.767578
1020  37.22461
1021  160.23242
1022  18.345703
1023  2.0625
1024  4.939453
1025  46.595703
1026  45.515625
1027  41.94336
1028  38.04297
1029  15.302734
1030  8.3203125
1031  25.99414
1032  9.1953125
1033  113.99609
1034  35.714844
1035  120.09766
1036  10.490234
1037  17.65625
1038  13.734375
1039  0.7949219
1040  0.27929688
1041  0.27539062
1042  5.296875
1043  1.734375
1044  45.69922
1045  48.859375
1046  27.794922
1047  23.25586
1048  41.478516
1049  44.154297
1050  2.3496094
1051  2.3222656
1052  0.41992188
1053  28.773438
1054  98.58594
1055  0.001953125
1056  3.5136719
1057  32.933594
1058  49.648438
1059  35.441406
1060  1.7988281
1061  6.0996094
1062  10.771484
1063  21.566406
1064  8.746094
1065  33.771484
1066  28.175781
1067  62.63672
1068  17.980469
1069  10.201172
1070  27.152344
1071  60.310547
1072  1.2988281
1073  50.289062
1074  31.728516
1075  2.9804688
1076  26.234375
1077  7.0371094
1078  18.226562
1079  45.560547
1080  18.605469
1081  38.433594
1082  12.9921875
1083  26.914062
1084  0.2109375
1085  8.3671875
1086  1.2929688
1087  112.40234
1088  44.96875
1089  1.7148438
1090  13.03125
1091  8.0703125
1092  5.0
1093  112.67578
1094  8.996094
1095  47.98047
1096  54.05078
1097  59.671875
1098  30.574219
1099  35.19922
1100  13.359375
1101  16.277344
1102  4.1015625
1103  3.6875
1104  28.625
1105  45.257812
1106  12.738281
1107  164.23828
1108  37.007812
1109  11.902344
1110  30.816406
1111  16.414062
1112  23.214844
1113  48.566406
1114  26.09375
1115  29.644531
1116  10.207031
1117  8.5234375
1118  0.625
1119  21.585938
1120  0.0390625
1121  6.7929688
1122  4.171875
1123  91.65625
1124  56.875
1125  2.0351562
1126  1.0898438
1127  1.2265625
1128  10.3671875
1129  17.585938
1130  2.5976562
1131  2.4960938
1132  3.5195312
1133  1.8476562
1134  6.203125
1135  11.917969
1136  9.5078125
1137  17.164062
1138  25.878906
1139  63.804688
1140  88.60547
1141  1.5976562
1142  7.8164062
1143  15.722656
1144  17.460938
1145  81.09375
1146  2.9140625
1147  24.113281
1148  18.761719
1149  4.8320312
1150  40.421875
1151  41.183594
1152  56.714844
1153  22.828125
1154  11.542969
1155  74.859375
1156  1.4296875
1157  45.691406
1158  29.65625
1159  4.5703125
1160  2.1835938
1161  6.7109375
1162  2.28125
1163  53.23047
1164  5.5664062
1165  4.2617188
1166  15.925781
1167  32.33203
1168  9.5390625
1169  10.0703125
1170  4.28125
1171  2.3867188
1172  24.507812
1173  14.8359375
1174  2.8632812
1175  2.1171875
1176  11.917969
1177  89.33984
1178  26.355469
1179  3.625
1180  185.19531
1181  77.21094
1182  4.7421875
1183  8.46875
1184  3.2929688
1185  6.0898438
1186  125.51953
1187  127.64453
1188  46.523438
1189  96.54297
1190  4.765625
1191  40.683594
1192  30.390625
1193  6.5
1194  5.1914062
1195  6.2382812
1196  9.089844
1197  13.203125
1198  24.429688
1199  13.824219
1200  2.359375
1201  34.773438
1202  3.5703125
1203  6.6132812
1204  11.105469
1205  49.578125
1206  57.753906
1207  0.390625
1208  3.765625
1209  33.9375
1210  12.199219
1211  59.316406
1212  28.703125
1213  127.1875
1214  21.378906
1215  56.039062
1216  25.574219
1217  9.933594
1218  21.320312
1219  36.367188
1220  10.328125
1221  19.933594
1222  36.773438
1223  130.77734
1224  11.714844
1225  48.152344
1226  6.203125
1227  48.15625
1228  43.472656
1229  0.09375
1230  42.65625
1231  19.277344
1232  10.050781
1233  143.625
1234  13.578125
1235  20.445312
1236  6.0195312
1237  61.726562
1238  48.242188
1239  35.210938
1240  4.921875
1241  12.46875
1242  1.1484375
1243  4.2578125
1244  44.476562
1245  1.9414062
1246  50.164062
1247  16.148438
1248  5.2578125
1249  11.949219
1250  121.59766
1251  19.484375
1252  41.660156
1253  44.265625
1254  66.48047
1255  67.31641
1256  3.4609375
1257  64.55078
1258  5.6171875
1259  8.933594
1260  36.804688
1261  30.707031
1262  1.6367188
1263  6.234375
1264  41.257812
1265  20.878906
1266  18.386719
1267  29.203125
1268  41.816406
1269  58.507812
1270  4.7382812
1271  7.9492188
1272  35.460938
1273  12.113281
1274  71.25781
1275  32.54297
1276  12.1328125
1277  16.019531
1278  0.40234375
1279  82.546875
1280  41.46875
1281  29.527344
1282  4.9414062
1283  7.3320312
1284  22.144531
1285  5.8945312
1286  14.800781
1287  67.16797
1288  6.8164062
1289  3.1289062
1290  189.17188
1291  18.816406
1292  25.425781
1293  0.58984375
1294  116.58594
1295  5.078125
1296  102.08203
1297  4.9765625
1298  13.972656
1299  30.695312
1300  22.785156
1301  0.87890625
1302  9.433594
1303  0.87890625
1304  49.597656
1305  40.390625
1306  115.62891
1307  5.1835938
1308  101.26953
1309  58.128906
1310  161.5586
1311  1.4257812
1312  6.7539062
1313  2.6679688
1314  2.8320312
1315  2.796875
1316  31.652344
1317  4.984375
1318  28.332031
1319  54.160156
1320  26.246094
1321  25.554688
1322  2.453125
1323  4.8710938
1324  2.4648438
1325  43.039062
1326  5.6328125
1327  21.453125
1328  21.285156
1329  29.742188
1330  20.300781
1331  130.33984
1332  1.90625
1333  0.03125
1334  51.753906
1335  23.382812
1336  75.63672
1337  1.4101562
1338  0.765625
1339  77.27344
1340  14.714844
1341  9.359375
1342  18.085938
1343  2.7578125
1344  11.1484375
1345  1.3867188
1346  3.921875
1347  14.7109375
1348  2.4609375
1349  11.5625
1350  24.523438
1351  0.5078125
1352  4.15625
1353  14.761719
1354  45.402344
1355  3.5117188
1356  8.792969
1357  14.964844
1358  6.9570312
1359  10.140625
1360  9.2734375
1361  7.40625
1362  22.125
1363  26.351562
1364  7.984375
1365  6.1054688
1366  64.09375
1367  52.710938
1368  59.70703
1369  45.578125
1370  236.16016
1371  23.9375
1372  9.894531
1373  22.25
1374  12.6015625
1375  9.472656
1376  21.777344
1377  0.640625
1378  12.496094
1379  98.77344
1380  28.230469
1381  24.398438
1382  0.83984375
1383  13.53125
1384  0.5234375
1385  66.94141
1386  23.433594
1387  363.60156
1388  171.48828
1389  8.566406
1390  3.5351562
1391  3.5273438
1392  14.121094
1393  0.02734375
1394  0.0
1395  0.00390625
1396  3.5078125
1397  0.0
1398  0.01953125
1399  27.117188
1400  10.921875
1401  79.34766
1402  26.613281
1403  129.67969
1404  32.472656
1405  78.703125
1406  1.0078125
1407  66.23047
1408  113.80078
1409  3.046875
1410  27.539062
1411  3.046875
1412  24.371094
1413  4.484375
1414  11.144531
1415  84.59766
1416  21.523438
1417  3.1679688
1418  43.835938
1419  6.3476562
1420  2.8945312
1421  5.34375
1422  20.679688
1423  107.359375
1424  5.3125
1425  19.136719
1426  21.933594
1427  11.78125
1428  18.84375
1429  21.234375
1430  0.00390625
1431  0.00390625
1432  0.33203125
1433  30.40625
1434  50.378906
1435  15.691406
1436  97.11328
1437  170.49219
1438  0.0
1439  0.0
1440  0.0
1441  0.0
1442  0.0
1443  0.0
1444  0.0
1445  24.515625
1446  0.0
1447  0.00390625
1448  77.17578
1449  0.00390625
1450  0.00390625
1451  0.0
1452  23.871094
1453  142.73438
1454  5.5507812
1455  34.8125
1456  2.7734375
1457  12.6015625
1458  2.671875
1459  14.75
1460  55.808594
1461  18.640625
1462  14.359375
1463  18.671875
1464  9.691406
1465  10.125
1466  43.058594
1467  17.148438
1468  0.2734375
1469  15.433594
1470  30.234375
1471  3.09375
1472  54.652344
1473  5.5507812
1474  63.027344
1475  17.421875
1476  20.136719
1477  45.023438
1478  0.41796875
1479  29.796875
1480  41.28125
1481  154.67188
1482  28.339844
1483  38.60547
1484  94.78906
1485  17.667969
1486  29.578125
1487  32.558594
1488  91.26172
1489  72.63281
1490  13.003906
1491  152.30469
1492  44.76953
1493  5.8320312
1494  1.109375
1495  28.917969
1496  9.003906
1497  86.94141
1498  11.175781
1499  53.871094
1500  10.8984375
1501  10.011719
1502  184.03516
1503  7.4804688
1504  76.40625
1505  41.23047
1506  13.675781
1507  43.007812
1508  17.296875
1509  26.730469
1510  47.148438
1511  11.4140625
1512  54.91797
1513  24.804688
1514  12.65625
1515  49.839844
1516  8.761719
1517  44.589844
1518  19.851562
1519  22.53125
1520  35.23828
1521  67.90625
1522  46.941406
1523  62.339844
1524  2.0234375
1525  21.78125
1526  49.0
1527  25.171875
1528  87.03516
1529  22.644531
1530  5.0234375
1531  3.7617188
1532  10.28125
1533  45.910156
1534  3.1992188
1535  12.011719
1536  2.3867188
1537  3.9492188
1538  14.4921875
1539  8.9296875
1540  0.78515625
1541  10.765625
1542  8.972656
1543  4.7539062
1544  1.5976562
1545  4.328125
1546  2.6132812
1547  2.5351562
1548  20.480469
1549  5.4921875
1550  13.628906
1551  10.6875
1552  7.3945312
1553  5.3046875
1554  7.6171875
1555  5.7617188
1556  1.65625
1557  6.625
1558  1.84375
1559  25.640625
1560  8.984375
1561  13.640625
1562  9.199219
1563  3.3164062
1564  2.9023438
1565  5.9296875
1566  1.75
1567  17.046875
1568  0.484375
1569  9.050781
1570  13.8125
1571  24.160156
1572  125.484375
1573  41.785156
1574  97.53906
1575  60.347656
1576  1.0039062
1577  50.804688
1578  57.70703
1579  112.546875
1580  5.2109375
1581  67.48828
1582  156.21094
1583  3.5742188
1584  10.703125
1585  11.121094
1586  11.109375
1587  75.77734
1588  69.875
1589  11.894531
1590  20.351562
1591  2.0703125
1592  126.375
1593  178.59766
1594  38.01953
1595  13.488281
1596  65.4375
1597  2.4570312
1598  51.472656
1599  0.4140625
1600  6.8632812
1601  1.3710938
1602  12.21875
1603  29.925781
1604  139.48438
1605  60.07422
1606  14.535156
1607  0.03515625
1608  54.76172
1609  0.97265625
1610  9.765625
1611  139.80469
1612  1.3554688
1613  4.9570312
1614  0.04296875
1615  3.28125
1616  2.1796875
1617  157.89453
1618  23.273438
1619  46.910156
1620  16.773438
1621  61.945312
1622  0.1171875
1623  34.98828
1624  14.109375
1625  27.0625
1626  151.11719
1627  167.95703
1628  89.88672
1629  34.222656
1630  138.21484
1631  2.4453125
1632  83.87891
1633  64.57031
1634  6.2773438
1635  15.535156
1636  11.121094
1637  21.570312
1638  33.570312
1639  293.41797
1640  24.277344
1641  9.792969
1642  0.32421875
1643  30.019531
1644  63.464844
1645  57.632812
1646  318.38672
1647  7.6601562
1648  1.1445312
1649  1.0390625
1650  1.109375
1651  5.1484375
1652  49.558594
1653  21.589844
1654  91.19531
1655  69.65234
1656  106.625
1657  14.183594
1658  66.42578
1659  68.05859
1660  15.707031
1661  664.5117
1662  16.800781
1663  1.578125
1664  8.3515625
1665  37.41797
1666  1.4140625
1667  7.0117188
1668  84.21875
1669  3.5234375
1670  75.33984
1671  2.953125
1672  1.703125
1673  11.8125
1674  58.51953
1675  43.566406
1676  1.484375
1677  2.4335938
1678  86.38281
1679  0.4140625
1680  170.6211
1681  1.4101562
1682  12.3046875
1683  97.98047
1684  0.71875
1685  56.007812
1686  20.417969
1687  97.59766
1688  1.09375
1689  11.964844
1690  6.6210938
1691  2.5742188
1692  10.777344
1693  31.449219
1694  23.898438
1695  123.546875
1696  88.85547
1697  22.28125
1698  154.6875
1699  7.46875
1700  396.04297
1701  114.25781
1702  24.015625
1703  30.988281
1704  11.375
1705  40.11328
1706  8.9609375
1707  2.1796875
1708  2.0
1709  47.277344
1710  35.398438
1711  35.515625
1712  76.203125
1713  38.73047
1714  35.414062
1715  5.0703125
1716  49.621094
1717  25.636719
1718  8.40625
1719  5.765625
1720  66.54297
1721  0.54296875
1722  4.2265625
1723  1.0507812
1724  71.95703
1725  0.96484375
1726  0.59375
1727  12.65625
1728  2.7890625
1729  6.21875
1730  4.1875
1731  16.105469
1732  3.9492188
1733  6.2578125
1734  3.0390625
1735  0.0
1736  0.00390625
1737  8.8046875
1738  42.6875
1739  46.71875
1740  38.496094
1741  78.5625
1742  33.566406
1743  103.390625
1744  147.64062
1745  12.46875
1746  7.25
1747  3.421875
1748  17.636719
1749  101.65625
1750  9.933594
1751  6.1601562
1752  34.851562
1753  9.90625
1754  24.710938
1755  0.29296875
1756  1.3828125
1757  13.265625
1758  422.3711
1759  3.25
1760  4.0859375
1761  10.457031
1762  40.85547
1763  32.804688
1764  18.101562
1765  3.9023438
1766  12.832031
1767  2.3828125
1768  5.484375
1769  28.402344
1770  8.8046875
1771  32.38672
1772  33.98047
1773  25.683594
1774  114.046875
1775  12.171875
1776  156.51172
1777  1.828125
1778  91.03125
1779  62.45703
1780  38.60547
1781  23.605469
1782  106.125
1783  76.86719
1784  7.7773438
1785  53.648438
1786  7.5859375
1787  45.69922
1788  18.414062
1789  51.964844
1790  4.6875
1791  43.507812
1792  19.554688
1793  33.410156
1794  9.105469
1795  47.820312
1796  77.69141
1797  13.28125
1798  36.535156
1799  30.402344
1800  62.76172
1801  24.226562
1802  75.79297
1803  92.71094
1804  25.117188
1805  0.4921875
1806  17.957031
1807  10.878906
1808  3.0351562
1809  5.2070312
1810  2.1367188
1811  6.2109375
1812  56.007812
1813  7.5703125
1814  88.30859
1815  148.7539
1816  5.5273438
1817  9.0
1818  28.738281
1819  8.746094
1820  5.5429688
1821  0.96875
1822  28.207031
1823  4.78125
1824  0.0078125
1825  0.0078125
1826  9.582031
1827  3.0351562
1828  10.0234375
1829  16.222656
1830  80.62891
1831  146.44922
1832  0.484375
1833  0.2109375
1834  1.2460938
1835  90.66406
1836  44.80078
1837  3.9921875
1838  0.0859375
1839  0.58203125
1840  3.1328125
1841  191.0586
1842  27.777344
1843  1.875
1844  24.582031
1845  26.265625
1846  103.37109
1847  55.148438
1848  7.4765625
1849  19.3125
1850  17.027344
1851  6.9101562
1852  51.765625
1853  63.433594
1854  80.36719
1855  102.91406
1856  14.855469
1857  155.27344
1858  2.9101562
1859  194.26562
1860  10.0703125
1861  8.839844
1862  21.761719
1863  21.300781
1864  1.90625
1865  10.855469
1866  11.796875
1867  17.710938
1868  1.7617188
1869  38.125
1870  97.56641
1871  9.125
1872  52.91797
1873  19.523438
1874  45.953125
1875  6.765625
1876  18.175781
1877  6.1679688
1878  45.60547
1879  2.4570312
1880  3.3125
1881  3.2773438
1882  4.34375
1883  9.824219
1884  1.6757812
1885  25.402344
1886  1.5195312
1887  1.4960938
1888  1.5742188
1889  1.53125
1890  1.5117188
1891  60.328125
1892  18.859375
1893  31.878906
1894  22.417969
1895  41.578125
1896  0.49609375
1897  52.59375
1898  2.3945312
1899  46.101562
1900  8.40625
1901  11.066406
1902  14.375
1903  180.02734
1904  115.17578
1905  56.515625
1906  262.02734
1907  18.820312
1908  5.2109375
1909  30.457031
1910  60.23828
1911  17.113281
1912  1.1054688
1913  56.878906
1914  5.328125
1915  150.14844
1916  39.179688
1917  21.570312
1918  29.5625
1919  22.695312
1920  125.30469
1921  68.72656
1922  18.148438
1923  38.23828
1924  0.359375
1925  0.640625
1926  4.96875
1927  70.359375
1928  85.53516
1929  254.2539
1930  93.82422
1931  43.01172
1932  49.859375
1933  43.05078
1934  259.59375
1935  53.140625
1936  2.4726562
1937  71.453125
1938  1.8515625
1939  2.8320312
1940  9.921875
1941  16.609375
1942  2.4726562
1943  2.6367188
1944  2.796875
1945  93.58984
1946  13.890625
1947  8.496094
1948  6.6132812
1949  22.925781
1950  23.996094
1951  126.13281
1952  8.75
1953  127.40625
1954  9.265625
1955  0.98828125
1956  82.10156
1957  36.91797
1958  36.78125
1959  25.007812
1960  50.308594
1961  14.972656
1962  1.9023438
1963  67.85547
1964  25.804688
1965  122.765625
1966  19.871094
1967  129.28125
1968  76.22656
1969  70.140625
1970  134.3164
1971  31.554688
1972  95.96875
1973  37.125
1974  14.8359375
1975  407.64453
1976  47.746094
1977  145.98047
1978  0.03515625
1979  0.0234375
1980  8.371094
1981  11.800781
1982  11.386719
1983  31.011719
1984  5.0
1985  41.460938
1986  117.265625
1987  8.152344
1988  73.546875
1989  6.8789062
1990  30.796875
1991  4.0117188
1992  7.4609375
1993  26.425781
1994  100.390625
1995  26.609375
1996  43.660156
1997  2.3789062
1998  38.222656
1999  122.875
2000  15.96875
2001  41.3125
2002  59.429688
2003  134.32812
2004  0.8984375
2005  0.296875
2006  112.390625
2007  44.75
2008  17.695312
2009  6.828125
2010  60.671875
2011  9.578125
2012  79.46875
2013  28.085938
2014  50.703125
2015  18.445312
2016  8.0390625
2017  10.625
2018  13.046875
2019  9.875
2020  23.890625
2021  14.3515625
2022  6.546875
2023  7.546875
2024  15.1484375
2025  19.007812
2026  11.453125
2027  12.71875
2028  12.703125
2029  7.2890625
2030  27.34375
2031  19.882812
2032  66.015625
2033  109.875
2034  68.14844
2035  166.52344
2036  6.890625
2037  46.023438
2038  10.609375
2039  48.914062
2040  31.617188
2041  74.703125
2042  0.0234375
2043  103.44531
2044  40.546875
2045  6.921875
2046  3.453125
2047  9.9453125
2048  3.5546875
2049  64.64844
2050  30.195312
2051  3.671875
2052  3.65625
2053  4.1875
2054  140.61719
2055  53.296875
2056  7.3828125
2057  50.554688
2058  36.875
2059  173.21094
2060  124.24219
2061  0.578125
2062  0.5390625
2063  0.328125
2064  98.35156
2065  11.6015625
2066  1.6484375
2067  38.140625
2068  27.28125
2069  20.960938
2070  16.101562
2071  64.71094
2072  2.03125
2073  24.984375
2074  53.234375
2075  113.13281
2076  31.773438
2077  17.390625
2078  79.65625
2079  28.054688
2080  25.25
2081  161.20312
2082  26.617188
2083  13.28125
2084  90.984375
2085  109.140625
2086  100.84375
2087  118.19531
2088  54.84375
2089  121.703125
2090  6.2265625
2091  110.19531
2092  59.59375
2093  83.03125
2094  65.69531
2095  7.6875
2096  11.6640625
2097  5.5
2098  65.16406
2099  5.796875
2100  178.25781
2101  2.34375
2102  3.609375
2103  38.8125
2104  2.578125
2105  37.539062
2106  44.8125
2107  137.13281
2108  144.40625
2109  13.8828125
2110  135.39062
2111  12.9296875
2112  101.64844
2113  0.046875
2114  27.953125
2115  112.75781
2116  87.328125
2117  40.765625
2118  27.859375
2119  6.7109375
2120  8.1875
2121  3.3984375
2122  26.328125
2123  20.765625
2124  1.8515625
2125  78.52344
2126  35.234375
2127  20.429688
2128  59.914062
2129  52.15625
2130  87.390625
2131  32.210938
2132  19.09375
2133  122.05469
2134  72.85156
2135  56.882812
2136  4.4296875
2137  0.5390625
2138  13.625
2139  4.546875
2140  131.40625
2141  52.476562
2142  31.351562
2143  24.859375
2144  122.72656
2145  3.921875
2146  18.78125
2147  0.1171875
2148  0.125
2149  0.1328125
2150  10.1953125
2151  3.6328125
2152  0.2890625
2153  3.2890625
2154  66.07031
2155  3.3984375
2156  8.28125
2157  0.4765625
2158  73.22656
2159  72.86719
2160  5.4765625
2161  28.359375
2162  75.52344
2163  41.640625
2164  11.4375
2165  81.64844
2166  10.65625
2167  37.59375
2168  17.382812
2169  13.1640625
2170  91.390625
2171  46.570312
2172  0.3984375
2173  26.210938
2174  40.546875
2175  26.226562
2176  5.75
2177  17.5
2178  199.46094
2179  41.046875
2180  79.8125
2181  146.66406
2182  5.0859375
2183  5.1875
2184  11.8359375
2185  10.1640625
2186  211.3125
2187  50.726562
2188  10.375
2189  69.39844
2190  95.63281
2191  122.3125
2192  155.45312
2193  10.2109375
2194  17.164062
2195  88.546875
2196  44.359375
2197  55.125
2198  31.960938
2199  61.328125
2200  26.4375
2201  0.609375
2202  2.796875
2203  19.414062
2204  15.7265625
2205  10.515625
2206  93.39844
2207  0.453125
2208  11.5859375
2209  34.78125
2210  98.6875
2211  1.0625
2212  82.52344
2213  108.25
2214  59.859375
2215  8.6015625
2216  0.046875
2217  22.664062
2218  10.53125
2219  316.14062
2220  66.83594
2221  25.085938
2222  19.585938
2223  140.44531
2224  34.023438
2225  6.828125
2226  8.203125
2227  63.609375
2228  46.898438
2229  21.585938
2230  237.57812
2231  10.953125
2232  20.742188
2233  17.070312
2234  1.6171875
2235  29.359375
2236  57.71875
2237  42.007812
2238  70.734375
2239  33.007812
2240  9.2265625
2241  9.2421875
2242  17.390625
2243  3.4140625
2244  1.3359375
2245  125.796875
2246  9.640625
2247  60.195312
2248  65.63281
2249  391.6172
2250  89.47656
2251  23.6875
2252  29.382812
2253  5.453125
2254  196.74219
2255  180.02344
2256  103.36719
2257  49.257812
2258  3.828125
2259  2.0625
2260  56.476562
2261  2.421875
2262  0.015625
2263  0.0078125
2264  0.015625
2265  3.2421875
2266  3.5546875
2267  0.15625
2268  0.15625
2269  1.421875
2270  60.78125
2271  67.90625
2272  93.828125
2273  4.1171875
2274  76.02344
2275  67.30469
2276  13.1171875
2277  12.734375
2278  89.921875
2279  69.86719
2280  125.5
2281  42.148438
2282  152.04688
2283  10.5390625
2284  39.539062
2285  30.429688
2286  117.41406
2287  16.429688
2288  18.257812
2289  31.554688
2290  0.4921875
2291  37.125
2292  4.0546875
2293  32.882812
2294  23.867188
2295  17.484375
2296  9.0703125
2297  5.1953125
2298  14.9453125
2299  10.9453125
2300  25.296875
2301  11.859375
2302  8.8984375
2303  7.1875
2304  21.15625
2305  9.0546875
2306  93.421875
2307  2.8125
2308  14.9296875
2309  1.90625
2310  74.09375
2311  2.359375
2312  39.335938
2313  31.648438
2314  11.5
2315  5.3046875
2316  0.546875
2317  5.4453125
2318  7.7890625
2319  6.3671875
2320  3.078125
2321  0.4375
2322  3.9140625
2323  3.21875
2324  2.5078125
2325  6.546875
2326  86.96875
2327  36.015625
2328  17.179688
2329  112.875
2330  48.398438
2331  77.015625
2332  28.429688
2333  4.0390625
2334  3.4609375
2335  19.679688
2336  136.84375
2337  3.2890625
2338  15.84375
2339  12.1796875
2340  22.75
2341  1.1015625
2342  22.9375
2343  65.734375
2344  12.0078125
2345  0.9375
2346  30.820312
2347  44.039062
2348  37.15625
2349  13.859375
2350  156.09375
2351  12.3046875
2352  6.1875
2353  7.2109375
2354  6.6953125
2355  5.1640625
2356  0.0234375
2357  1.6953125
2358  1.71875
2359  1.7265625
2360  4.234375
2361  0.921875
2362  0.7421875
2363  1.6875
2364  1.75
2365  0.6796875
2366  1.1640625
2367  1.6953125
2368  9.96875
2369  2.3671875
2370  26.898438
2371  72.66406
2372  3.375
2373  6.2578125
2374  64.52344
2375  6.609375
2376  6.5546875
2377  0.171875
2378  6.125
2379  8.890625
2380  0.328125
2381  10.0625
2382  6.21875
2383  6.1875
2384  6.2734375
2385  12.484375
2386  1.5
2387  70.625
2388  4.5234375
2389  86.80469
2390  2.2578125
2391  0.90625
2392  33.828125
2393  1.2734375
2394  8.109375
2395  22.46875
2396  10.640625
2397  2.1796875
2398  0.015625
2399  0.0234375
2400  0.0078125
2401  2.765625
2402  0.0390625
2403  2.2734375
2404  6.1796875
2405  6.171875
2406  6.171875
2407  6.125
2408  6.4296875
2409  6.171875
2410  6.1796875
2411  6.1796875
2412  9.1953125
2413  94.50781
2414  3.453125
2415  81.859375
2416  3.46875
2417  65.97656
2418  15.390625
2419  6.1328125
2420  6.5703125
2421  3.7734375
2422  2.4296875
2423  0.2890625
2424  0.40625
2425  5.7578125
2426  3.7890625
2427  6.234375
2428  6.25
2429  6.1875
2430  6.1796875
2431  57.359375
2432  30.617188
2433  2.3828125
2434  0.0
2435  0.0078125
2436  0.015625
2437  2.078125
2438  0.2890625
2439  134.82031
2440  4.9140625
2441  1.0546875
2442  35.953125
2443  6.1953125
2444  9.171875
2445  6.171875
2446  6.1328125
2447  3.375
2448  6.1953125
2449  6.28125
2450  6.6171875
2451  7.921875
2452  112.953125
2453  3.90625
2454  26.195312
2455  25.257812
2456  38.203125
2457  23.664062
2458  14.6484375
2459  20.703125
2460  6.2734375
2461  3.484375
2462  3.0234375
2463  9.2109375
2464  9.171875
2465  3.890625
2466  1.671875
2467  4.5390625
2468  5.4765625
2469  0.6875
2470  6.46875
2471  3.5390625
2472  2.65625
2473  59.4375
2474  31.664062
2475  8.78125
2476  11.25
2477  65.69531
2478  30.460938
2479  47.578125
2480  21.953125
2481  9.265625
2482  8.4765625
2483  0.703125
2484  2.1875
2485  3.96875
2486  6.1796875
2487  9.3046875
2488  3.640625
2489  9.3671875
2490  6.2265625
2491  6.1953125
2492  6.1796875
2493  70.58594
2494  44.929688
2495  143.13281
2496  0.703125
2497  8.5234375
2498  6.1796875
2499  6.171875
2500  7.2890625
2501  6.2109375
2502  3.8984375
2503  2.953125
2504  2.4609375
2505  2.3984375
2506  3.890625
2507  6.2109375
2508  7.8828125
2509  5.90625
2510  15.6953125
2511  13.0859375
2512  26.5625
2513  0.53125
2514  20.757812
2515  14.6953125
2516  121.71094
2517  61.46875
2518  31.25
2519  7.4453125
2520  7.5546875
2521  1.125
2522  3.328125
2523  8.484375
2524  10.453125
2525  12.796875
2526  7.65625
2527  38.40625
2528  28.070312
2529  37.882812
2530  13.65625
2531  15.7578125
2532  6.765625
2533  5.2421875
2534  0.9296875
2535  6.1015625
2536  7.3359375
2537  6.7734375
2538  6.9375
2539  7.0078125
2540  9.2265625
2541  6.1875
2542  14.8203125
2543  3.3203125
2544  3.84375
2545  7.796875
2546  48.554688
2547  7.6484375
2548  14.609375
2549  1.0234375
2550  20.617188
2551  7.15625
2552  5.0078125
2553  59.132812
2554  13.5625
2555  67.55469
2556  6.3671875
2557  2.375
2558  6.125
2559  0.765625
2560  6.125
2561  6.2890625
2562  3.21875
2563  6.1328125
2564  0.1640625
2565  6.0703125
2566  11.2265625
2567  6.203125
2568  143.92188
2569  116.03125
2570  8.484375
2571  7.109375
2572  0.3671875
2573  7.4375
2574  6.53125
2575  6.640625
2576  9.5546875
2577  6.9609375
2578  6.46875
2579  6.5234375
2580  6.4375
2581  71.32031
2582  9.1171875
2583  5.9375
2584  14.703125
2585  19.015625
2586  0.0078125
2587  0.0
2588  0.0078125
2589  7.3359375
2590  0.0390625
2591  11.609375
2592  0.8125
2593  1.40625
2594  8.8203125
2595  1.7578125
2596  7.8671875
2597  1.6015625
2598  5.40625
2599  2.1640625
2600  7.921875
2601  1.09375
2602  26.046875
2603  32.234375
2604  3.125
2605  2.125
2606  0.1640625
2607  22.65625
2608  2.28125
2609  2.046875
2610  2.0
2611  6.1953125
2612  9.3046875
2613  6.3671875
2614  4.1015625
2615  9.28125
2616  6.0859375
2617  6.2109375
2618  6.34375
2619  38.039062
2620  7.6953125
2621  86.75
2622  6.390625
2623  2.875
2624  116.8125
2625  8.40625
2626  6.2578125
2627  6.578125
2628  6.9296875
2629  6.078125
2630  15.3359375
2631  6.21875
2632  6.234375
2633  6.1796875
2634  6.234375
2635  38.773438
2636  57.46875
2637  8.5625
2638  3.6875
2639  1.296875
2640  1.5078125
2641  3.28125
2642  10.6328125
2643  2.0859375
2644  10.7734375
2645  0.1171875
2646  5.390625
2647  22.132812
2648  47.914062
2649  1.265625
2650  40.90625
2651  2.3046875
2652  6.1875
2653  9.1171875
2654  6.3046875
2655  6.1640625
2656  6.4453125
2657  6.1875
2658  6.1640625
2659  6.1484375
2660  6.1953125
2661  43.945312
2662  8.109375
2663  2.90625
2664  6.0
2665  53.71875
2666  91.97656
2667  107.63281
2668  69.578125
2669  0.1953125
2670  0.171875
2671  8.7265625
2672  41.960938
2673  29.945312
2674  57.085938
2675  1.6953125
2676  45.5
2677  1.765625
2678  2.109375
2679  17.734375
2680  2.109375
2681  7.2421875
2682  95.28906
2683  17.585938
2684  182.14844
2685  21.078125
2686  34.492188
2687  93.72656
2688  11.203125
2689  4.390625
2690  1.5
2691  13.6953125
2692  37.296875
2693  33.054688
2694  6.8125
2695  25.820312
