1  181.1697
2  33.488876
3  85.29535
4  20.716553
5  12.861786
6  135.65076
7  20.729279
8  69.38745
9  11.147705
10  14.771912
11  86.88519
12  149.99554
13  26.239868
14  58.74591
15  10.156921
16  88.559204
17  3.8190918
18  49.03723
19  51.59265
20  20.297485
21  56.870605
22  23.551636
23  1.3734131
24  1.9940186
25  104.800415
26  29.977783
27  18.885742
28  29.504883
29  10.288086
30  147.28271
31  7.5826416
32  89.43811
33  192.37122
34  6.2301025
35  55.144287
36  351.0204
37  76.25488
38  12.732178
39  7.92749
40  50.95459
41  71.149414
42  5.6867676
43  7.98999
44  2.520752
45  25.541748
46  0.0061035156
47  0.09667969
48  1.4057617
49  22.241943
50  64.68164
51  71.52954
52  92.28369
53  49.290527
54  49.036865
55  46.635498
56  108.89453
57  20.312744
58  0.22558594
59  5.0029297
60  4.1262207
61  65.96948
62  0.7663574
63  1.3962402
64  23.867188
65  50.63672
66  71.231445
67  39.10498
68  45.601074
69  105.85034
70  54.665527
71  43.121826
72  18.649902
73  0.96655273
74  10.454834
75  78.94824
76  71.86743
77  174.19604
78  4.9370117
79  5.083496
80  0.41357422
81  124.44409
82  26.320312
83  124.813965
84  95.49414
85  8.2109375
86  35.143066
87  146.66846
88  210.69531
89  110.42139
90  47.666016
91  4.5009766
92  85.79736
93  58.99951
94  5.807617
95  15.863281
96  4.9697266
97  1.2446289
98  126.12012
99  0.04248047
100  50.791992
101  205.7666
102  201.58789
103  71.14209
104  17.990234
105  171.19336
106  1.9902344
107  86.569824
108  61.68506
109  50.23535
110  48.26953
111  223.77002
112  71.66016
113  4.6586914
114  17.195312
115  127.291016
116  119.36914
117  31.19629
118  6.713867
119  41.713867
120  261.375
121  15.484863
122  248.78564
123  445.30713
124  148.13916
125  25.626953
126  143.58691
127  63.796875
128  77.74707
129  35.496094
130  59.44043
131  25.40918
132  1.5810547
133  7.7558594
134  15.202148
135  14.543945
136  15.295898
137  16.239258
138  14.527344
139  0.45898438
140  1.0058594
141  1.2929688
142  35.589844
143  78.56738
144  6.669922
145  6.928711
146  1.5878906
147  68.52344
148  5.296875
149  76.09766
150  12.09082
151  64.15527
152  0.42871094
153  0.85839844
154  2.2001953
155  125.48828
156  97.799805
157  425.38672
158  27.11621
159  308.34863
160  59.663086
161  18.654297
162  116.731445
163  9.825195
164  3.7871094
165  139.08594
166  46.492188
167  136.99219
168  98.4707
169  3.0136719
170  8.046875
171  3.0888672
172  1.4726562
173  3.3642578
174  43.56543
175  257.2461
176  38.586914
177  284.94043
178  48.390625
179  129.90137
180  9.105469
181  85.75293
182  133.8916
183  47.612305
184  116.49121
185  15.845703
186  9.255859
187  116.95996
188  4.2958984
189  2.9882812
190  123.67578
191  131.89844
192  216.16992
193  119.8584
194  19.561523
195  19.356445
196  28.750977
197  28.320312
198  73.52539
199  17.591797
200  126.16016
201  24.929688
202  5.544922
203  33.95117
204  2.4267578
205  28.240234
206  151.08301
207  30.511719
208  173.09082
209  69.86426
210  106.13574
211  20.957031
212  3.555664
213  98.30664
214  240.48926
215  9.703125
216  2.8115234
217  1.2607422
218  1.4677734
219  0.7685547
220  0.47851562
221  115.14551
222  65.7334
223  5.125
224  0.18945312
225  1.2158203
226  0.001953125
227  0.0
228  42.850586
229  176.29395
230  156.91699
231  31.082031
232  69.18262
233  6.2626953
234  6.647461
235  24.961914
236  20.05957
237  5.1171875
238  133.38574
239  23.819336
240  10.125977
241  96.59766
242  50.374023
243  88.759766
244  7.267578
245  194.41797
246  91.36719
247  4.2226562
248  1.6611328
249  8.099609
250  40.914062
251  46.91992
252  214.95312
253  363.99805
254  46.905273
255  331.04102
256  6.6972656
257  116.65039
258  32.743164
259  96.54199
260  1.9179688
261  43.972656
262  17.091797
263  20.410156
264  16.640625
265  27.69336
266  46.625
267  20.628906
268  27.677734
269  41.753906
270  59.39453
271  8.099609
272  24.330078
273  163.92383
274  17.355469
275  224.69531
276  194.26367
277  7.0546875
278  113.24219
279  56.658203
280  4.9628906
281  0.6894531
282  2.5566406
283  23.460938
284  4.9902344
285  38.78711
286  21.955078
287  40.101562
288  12.400391
289  22.158203
290  2.3085938
291  43.09375
292  17.152344
293  2.6796875
294  113.234375
295  137.8086
296  4.2695312
297  1.9257812
298  110.35742
299  8.181641
300  36.51758
301  85.50586
302  19.66211
303  41.48047
304  80.92578
305  115.89258
306  79.97461
307  71.96094
308  41.591797
309  271.4414
310  16.714844
311  173.96289
312  2.1503906
313  8.167969
314  17.232422
315  63.283203
316  3.0214844
317  0.9003906
318  37.123047
319  93.95508
320  138.31055
321  0.24414062
322  72.134766
323  28.326172
324  43.24414
325  2.9121094
326  62.183594
327  198.0625
328  128.52734
329  5.015625
330  61.79492
331  19.308594
332  24.015625
333  6.142578
334  4.2890625
335  2.921875
336  493.92188
337  63.390625
338  9.123047
339  6.5566406
340  104.396484
341  90.396484
342  6.341797
343  1.6308594
344  1.9960938
345  8.1875
346  36.121094
347  85.44141
348  41.541016
349  384.46875
350  70.81641
351  8.232422
352  2.0039062
353  20.523438
354  86.265625
355  2.1445312
356  151.88867
357  268.69922
358  233.44922
359  51.78125
360  48.23047
361  43.10547
362  71.16992
363  0.7109375
364  9.0234375
365  56.48633
366  42.73047
367  16.285156
368  35.46289
369  21.576172
370  377.9629
371  250.46094
372  1.0917969
373  1.875
374  284.0625
375  83.81836
376  174.375
377  45.509766
378  214.95703
379  120.84766
380  1.8691406
381  15.380859
382  47.441406
383  38.654297
384  1.421875
385  159.08984
386  20.347656
387  3.9042969
388  87.24219
389  2.0996094
390  19.583984
391  133.75195
392  8.115234
393  25.41211
394  6.970703
395  101.48242
396  0.0625
397  61.277344
398  49.13867
399  13.0546875
400  273.4375
401  34.314453
402  49.583984
403  4.5410156
404  44.740234
405  2.4335938
406  16.58789
407  9.599609
408  1.8847656
409  62.908203
410  19.470703
411  26.65625
412  10.0546875
413  27.207031
414  106.44336
415  39.820312
416  28.796875
417  107.828125
418  24.689453
419  74.89453
420  7.7617188
421  34.57617
422  4.6523438
423  21.251953
424  1.625
425  123.671875
426  79.94141
427  53.22461
428  169.20703
429  62.521484
430  15.451172
431  16.210938
432  29.810547
433  22.658203
434  47.57422
435  60.566406
436  18.660156
437  166.8125
438  92.34766
439  4.359375
440  151.43164
441  4.6953125
442  65.365234
443  5.091797
444  49.253906
445  32.22461
446  210.86523
447  23.160156
448  2.7265625
449  0.7558594
450  333.47266
451  295.21094
452  10.4140625
453  11.419922
454  4.7246094
455  12.876953
456  0.2890625
457  1.4960938
458  0.5214844
459  177.83203
460  41.48633
461  135.41602
462  36.79297
463  506.33398
464  33.070312
465  38.625
466  136.47656
467  20.53711
468  49.34961
469  4.2539062
470  76.80078
471  34.689453
472  78.41211
473  74.66992
474  2.671875
475  78.12891
476  2.7421875
477  24.701172
478  18.69336
479  11.035156
480  47.533203
481  1.5175781
482  19.009766
483  28.320312
484  4.1308594
485  14.207031
486  1.8769531
487  16.24414
488  56.558594
489  42.79492
490  31.160156
491  14.779297
492  4.8671875
493  0.8222656
494  111.515625
495  37.11133
496  13.220703
497  241.25781
498  116.60547
499  2.7910156
500  65.12695
501  16.125
502  8.423828
503  7.25
504  43.04297
505  71.37305
506  25.857422
507  9.779297
508  27.486328
509  8.544922
510  3.6699219
511  49.777344
512  27.61914
513  59.601562
514  20.263672
515  89.40625
516  0.75
517  196.1836
518  8.2734375
519  20.796875
520  25.228516
521  32.5
522  34.390625
523  18.408203
524  10.236328
525  108.43359
526  243.8418
527  93.82031
528  247.70898
529  327.43164
530  9.332031
531  17.792969
532  64.75781
533  17.173828
534  96.375
535  152.13672
536  24.550781
537  19.828125
538  118.80078
539  49.289062
540  27.742188
541  357.05078
542  4.1171875
543  5.890625
544  38.578125
545  1.3984375
546  0.51953125
547  12.910156
548  331.17188
549  255.94531
550  226.35547
551  55.464844
552  1.75
553  29.164062
554  44.304688
555  31.679688
556  37.859375
557  14.859375
558  31.421875
559  11.96875
560  2.59375
561  57.339844
562  86.63281
563  43.82422
564  63.578125
565  101.47656
566  25.898438
567  67.48047
568  146.41016
569  92.89844
570  190.61719
571  94.40625
572  25.617188
573  12.5703125
574  73.82422
575  177.51953
576  4.9335938
577  90.078125
578  24.347656
579  123.46094
580  9.5390625
581  62.96875
582  63.570312
583  49.898438
584  51.351562
585  98.15625
586  42.492188
587  217.53516
588  99.49219
589  77.69922
590  11.5625
591  26.214844
592  4.6953125
593  3.1484375
594  20.695312
595  4.1054688
596  6.2109375
597  8.7578125
598  30.757812
599  5.171875
600  7.7265625
601  11.824219
602  47.640625
603  1.3515625
604  7.3242188
605  1.34375
606  0.38671875
607  1.3476562
608  0.43359375
609  1.3671875
610  0.5546875
611  31.648438
612  3.4140625
613  0.1484375
614  17.066406
615  14.578125
616  37.4375
617  27.0
618  2.9414062
619  1.28125
620  0.05078125
621  11.324219
622  10.1328125
623  70.03125
624  29.070312
625  10.203125
626  45.851562
627  68.67969
628  32.910156
629  10.8359375
630  19.25
631  10.878906
632  9.828125
633  9.324219
634  78.78125
635  23.070312
636  1.59375
637  5.9257812
638  5.9257812
639  37.44922
640  3.1757812
641  42.265625
642  21.710938
643  30.082031
644  10.542969
645  10.3046875
646  5.6992188
647  39.375
648  70.58984
649  34.92578
650  119.20703
651  114.33203
652  46.628906
653  37.503906
654  24.894531
655  13.890625
656  72.19141
657  24.371094
658  63.898438
659  1.9648438
660  0.04296875
661  0.00390625
662  0.0
663  0.046875
664  0.046875
665  0.35546875
666  0.0078125
667  0.04296875
668  0.00390625
669  0.00390625
670  0.0
671  0.0390625
672  0.0
673  0.00390625
674  0.00390625
675  0.1875
676  0.1953125
677  0.00390625
678  0.0
679  0.00390625
680  0.140625
681  1.3320312
682  0.0
683  0.00390625
684  0.0
685  0.0
686  0.0
687  0.00390625
688  0.0
689  0.0390625
690  0.078125
691  0.4453125
692  0.0
693  0.00390625
694  0.0
695  0.0
696  0.0
697  0.0078125
698  0.0390625
699  0.00390625
700  0.0
701  0.19921875
702  2.2265625
703  0.48046875
704  0.00390625
705  0.0
706  0.00390625
707  0.0
708  1.484375
709  0.0
710  0.00390625
711  0.0
712  0.0
713  0.03515625
714  0.00390625
715  0.484375
716  137.05078
717  46.101562
718  98.89453
719  14.53125
720  58.390625
721  147.70703
722  97.046875
723  12.816406
724  9.7578125
725  18.488281
726  28.847656
727  4.890625
728  40.26953
729  21.746094
730  12.1875
731  18.785156
732  1.6328125
733  12.167969
734  9.1796875
735  3.5820312
736  31.648438
737  1.046875
738  18.957031
739  24.398438
740  5.3125
741  23.761719
742  0.921875
743  45.339844
744  5.1992188
745  5.234375
746  5.1992188
747  5.4335938
748  5.2265625
749  4.828125
750  0.5
751  5.1289062
752  5.1757812
753  2.0117188
754  3.109375
755  5.2929688
756  1.1484375
757  3.9804688
758  5.171875
759  8.480469
760  23.007812
761  23.636719
762  19.101562
763  2.734375
764  15.496094
765  9.449219
766  18.890625
767  9.4921875
768  27.089844
769  5.9296875
770  22.421875
771  1.6132812
772  0.56640625
773  19.894531
774  49.820312
775  10.199219
776  4.890625
777  13.484375
778  11.875
779  15.355469
780  6.5078125
781  2.3085938
782  3.1992188
783  13.6484375
784  6.46875
785  4.0546875
786  0.3046875
787  4.7109375
788  0.98828125
789  7.6054688
790  1.1992188
791  5.5742188
792  36.39453
793  2.2382812
794  0.5078125
795  21.519531
796  11.699219
797  8.6640625
798  13.3984375
799  31.175781
800  99.92578
801  6.8515625
802  15.707031
803  85.05859
804  37.23828
805  61.257812
806  39.09375
807  18.308594
808  1.765625
809  10.09375
810  135.60938
811  165.57422
812  22.46875
813  22.691406
814  55.164062
815  21.71875
816  26.046875
817  0.78125
818  51.20703
819  26.890625
820  72.3125
821  18.820312
822  3.96875
823  22.660156
824  15.535156
825  50.734375
826  42.972656
827  176.8789
828  6.2734375
829  49.773438
830  80.26172
831  18.898438
832  48.140625
833  1.8789062
834  52.01953
835  13.0
836  74.58203
837  46.851562
838  58.5625
839  2.3476562
840  2.9335938
841  54.0625
842  134.8125
843  230.45703
844  67.85156
845  60.539062
846  17.753906
847  6.4492188
848  222.47266
849  221.48047
850  26.1875
851  47.63672
852  0.15234375
853  55.410156
854  0.140625
855  63.90625
856  5.4101562
857  137.83984
858  28.363281
859  67.94922
860  185.51562
861  62.277344
862  3.65625
863  1.0273438
864  1.8320312
865  296.16406
866  181.05078
867  131.07422
868  3.5585938
869  18.53125
870  6.9140625
871  88.74219
872  15.625
873  16.480469
874  15.03125
875  256.70312
876  10.082031
877  108.42969
878  15.746094
879  2.8164062
880  40.14453
881  34.046875
882  82.890625
883  272.73828
884  118.1875
885  49.015625
886  91.19922
887  8.53125
888  1.3085938
889  1.5234375
890  25.449219
891  3.9101562
892  14.355469
893  5.0976562
894  3.0546875
895  21.054688
896  4.5625
897  5.0351562
898  1.03125
899  44.867188
900  21.507812
901  2.5820312
902  39.347656
903  273.9414
904  50.609375
905  384.07812
906  72.40625
907  13.34375
908  20.488281
909  3.203125
910  25.261719
911  297.1211
912  38.402344
913  7.8203125
914  3.5664062
915  2.4414062
916  2.171875
917  6.4023438
918  62.589844
919  2.0351562
920  2.0859375
921  3.6875
922  37.921875
923  49.55078
924  2.5742188
925  11.808594
926  316.7422
927  144.35547
928  153.4961
929  263.3203
930  6.6445312
931  117.40234
932  2.96875
933  1.7265625
934  30.113281
935  7.8632812
936  5.796875
937  3.4179688
938  31.023438
939  8.890625
940  5.828125
941  3.390625
942  5.859375
943  1.75
944  1.78125
945  3.890625
946  1.1601562
947  102.67578
948  65.91016
949  69.58594
950  42.01172
951  201.4961
952  56.648438
953  42.140625
954  0.7109375
955  19.378906
956  5.0859375
957  2.2578125
958  2.6445312
959  16.730469
960  2.9960938
961  0.73046875
962  2.2421875
963  0.015625
964  7.1367188
965  0.765625
966  43.83203
967  119.99219
968  105.83594
969  42.183594
970  88.34766
971  22.886719
972  193.35547
973  2.578125
974  4.6835938
975  90.75781
976  57.38672
977  5.84375
978  76.37891
979  6.0898438
980  4.5976562
981  20.964844
982  2.4414062
983  26.203125
984  0.1796875
985  0.00390625
986  0.0390625
987  0.0703125
988  20.269531
989  51.285156
990  33.929688
991  21.484375
992  174.19922
993  1.53125
994  60.089844
995  87.63281
996  14.378906
997  0.16796875
998  4.296875
999  0.1015625
1000  4.3085938
1001  0.1015625
1002  4.7773438
1003  13.5859375
1004  17.976562
1005  14.253906
1006  168.9336
1007  52.984375
1008  68.203125
1009  0.34765625
1010  2.3046875
1011  0.37890625
1012  514.85156
1013  18.878906
1014  103.33984
1015  0.99609375
1016  106.75781
1017  7.9960938
1018  59.695312
1019  163.33594
1020  161.70703
1021  37.632812
1022  76.93359
1023  130.11328
1024  8.5234375
1025  12.1328125
1026  15.3984375
1027  15.84375
1028  132.71484
1029  157.78516
1030  54.539062
1031  55.867188
1032  568.28906
1033  31.964844
1034  3.3476562
1035  70.33203
1036  69.15625
1037  123.01172
1038  283.28125
1039  56.51172
1040  63.742188
1041  4.9375
1042  14.1953125
1043  33.671875
1044  302.5586
1045  3.5390625
1046  3.921875
1047  20.019531
1048  2.9179688
1049  2.3710938
1050  138.28906
1051  52.976562
1052  4.6875
1053  307.45703
1054  26.929688
1055  107.546875
1056  224.75781
1057  13.589844
1058  2.2148438
1059  3.6484375
1060  120.84766
1061  35.023438
1062  88.421875
1063  29.582031
1064  3.796875
1065  43.785156
1066  53.996094
1067  38.48828
1068  27.527344
1069  22.363281
1070  1.5
1071  100.078125
1072  10.121094
1073  15.171875
1074  3.765625
1075  1.5273438
1076  106.90234
1077  67.73828
1078  181.98047
1079  13.464844
1080  41.070312
1081  14.339844
1082  165.1914
1083  154.55078
1084  50.929688
1085  5.7695312
1086  27.84375
1087  44.44922
1088  116.21094
1089  219.02734
1090  189.98828
1091  12.457031
1092  1.9375
1093  0.16015625
1094  0.53125
1095  147.78906
1096  143.20703
1097  34.847656
1098  86.3125
1099  186.10156
1100  20.199219
1101  274.64844
1102  32.503906
1103  157.76953
1104  60.101562
1105  2.1914062
1106  191.8711
1107  3.7851562
1108  522.5508
1109  40.710938
1110  2.1328125
1111  289.34375
1112  8.996094
1113  5.3554688
1114  399.45703
1115  342.6172
1116  34.242188
1117  152.01953
1118  3.140625
1119  152.90625
1120  377.1172
1121  201.48438
1122  117.80469
1123  4.6054688
1124  37.328125
1125  3.65625
1126  43.60547
1127  18.761719
1128  8.5390625
1129  31.5625
1130  190.875
1131  84.92969
1132  22.453125
1133  22.34375
1134  51.632812
1135  63.015625
1136  7.3867188
1137  0.171875
1138  12.75
1139  44.808594
1140  19.179688
1141  52.242188
1142  4.3671875
1143  179.3086
1144  182.91797
1145  93.19531
1146  53.816406
1147  103.69922
1148  40.296875
1149  27.375
1150  68.36328
1151  5.6757812
1152  8.765625
1153  28.621094
1154  1.6210938
1155  6.8632812
1156  2.6953125
1157  10.78125
1158  46.839844
1159  116.33203
1160  8.910156
1161  15.660156
1162  99.38281
1163  111.671875
1164  32.546875
1165  25.605469
1166  148.4961
1167  60.097656
1168  189.90625
1169  200.35938
1170  24.292969
1171  52.523438
1172  13.957031
1173  16.3125
1174  42.433594
1175  31.324219
1176  2.9296875
1177  10.1796875
1178  18.3125
1179  33.578125
1180  11.9453125
1181  19.554688
1182  5.4726562
1183  213.42969
1184  410.46094
1185  392.76562
1186  66.81641
1187  12.144531
1188  109.88281
1189  110.41797
1190  252.13281
1191  32.71875
1192  537.1719
1193  4.0390625
1194  33.445312
1195  77.4375
1196  207.25781
1197  8.109375
1198  0.9609375
1199  0.796875
1200  12.1328125
1201  51.335938
1202  41.984375
1203  257.21875
1204  99.734375
1205  115.97656
1206  14.9453125
1207  186.17188
1208  16.546875
1209  77.609375
1210  76.88281
1211  114.328125
1212  55.9375
1213  8.921875
1214  132.625
1215  38.507812
1216  238.5
1217  3.296875
1218  87.60156
1219  187.9375
1220  0.9140625
1221  488.54688
1222  1.53125
1223  0.78125
1224  0.421875
1225  2.4921875
1226  9.03125
1227  2.734375
1228  37.21875
1229  247.46875
1230  1.390625
1231  0.5703125
1232  35.796875
1233  2.0859375
1234  235.91406
1235  120.41406
1236  108.03125
1237  4.3125
1238  6.9296875
1239  3.7890625
1240  3.265625
1241  4.3125
1242  6.9296875
1243  0.4765625
1244  21.796875
1245  5.9296875
1246  25.4375
1247  4.46875
1248  7.6484375
1249  3.4921875
1250  16.890625
1251  0.109375
1252  0.4140625
1253  1.0625
1254  0.109375
1255  0.0390625
1256  9.046875
1257  32.046875
1258  7.0234375
1259  283.77344
1260  207.96875
1261  99.40625
1262  34.242188
1263  75.91406
1264  21.421875
1265  9.984375
1266  1.15625
1267  6.890625
1268  248.04688
1269  150.53125
1270  77.38281
1271  3.9375
1272  14.203125
1273  12.171875
1274  2.4296875
1275  51.117188
1276  5.890625
1277  10.2421875
1278  35.617188
1279  10.21875
1280  71.71875
1281  16.828125
1282  29.382812
1283  34.820312
1284  3.6171875
1285  8.3203125
1286  16.59375
1287  18.84375
1288  73.03125
1289  0.4453125
1290  24.210938
1291  35.414062
1292  12.71875
1293  0.5078125
1294  18.695312
1295  12.0
1296  20.867188
1297  9.78125
1298  31.015625
1299  33.71875
1300  12.9140625
1301  24.867188
1302  17.523438
1303  37.5
1304  5.4765625
1305  12.828125
1306  14.2109375
1307  17.460938
1308  15.0625
1309  16.328125
1310  16.6875
1311  19.945312
1312  13.078125
1313  19.539062
1314  20.484375
1315  11.03125
1316  23.445312
1317  2.0390625
1318  0.875
1319  5.1640625
1320  26.992188
1321  4.59375
1322  31.476562
1323  13.8046875
1324  29.148438
1325  28.867188
1326  5.2578125
1327  19.242188
1328  13.5234375
1329  12.2109375
1330  14.828125
1331  19.726562
1332  4.8515625
1333  19.335938
1334  0.3984375
1335  25.484375
1336  7.7734375
1337  38.953125
1338  184.84375
1339  3.734375
1340  0.0
1341  0.0078125
1342  63.046875
1343  63.460938
1344  148.90625
1345  65.578125
1346  57.78125
1347  96.890625
1348  6.1640625
1349  0.0
1350  0.0078125
1351  38.023438
1352  23.195312
1353  3.515625
1354  0.0
1355  0.0078125
1356  0.0
1357  7.25
1358  3.796875
1359  0.84375
1360  0.03125
1361  4.53125
1362  6.5859375
1363  189.65625
1364  123.328125
1365  139.1875
1366  220.70312
1367  25.929688
1368  1.6875
1369  46.429688
1370  265.125
1371  133.74219
1372  76.90625
1373  133.79688
1374  154.07812
1375  101.75781
1376  16.015625
1377  18.328125
1378  270.46875
1379  81.453125
1380  13.9296875
1381  15.25
1382  18.328125
1383  291.6328
1384  750.7656
1385  154.28125
1386  99.58594
1387  57.179688
1388  146.38281
1389  102.984375
1390  48.007812
1391  31.429688
1392  60.773438
1393  89.64844
1394  129.53125
1395  23.921875
1396  93.72656
1397  68.71094
1398  62.578125
1399  32.820312
1400  2.0625
1401  89.890625
1402  30.1875
1403  22.34375
1404  20.03125
1405  11.2109375
1406  2.5078125
1407  11.0625
1408  25.96875
1409  92.47656
1410  11.1796875
1411  6.1484375
1412  4.5234375
1413  62.9375
1414  12.4296875
1415  40.382812
1416  68.90625
1417  77.00781
1418  16.640625
1419  67.78906
1420  33.898438
1421  12.453125
1422  1.71875
1423  208.78125
1424  94.33594
1425  0.328125
1426  1.0859375
1427  0.9375
1428  0.6015625
1429  3.671875
1430  0.3984375
1431  0.4921875
1432  1.3125
1433  1.328125
1434  0.1328125
1435  0.109375
1436  0.328125
1437  0.796875
1438  0.5234375
1439  0.8046875
1440  0.75
1441  162.61719
1442  18.460938
1443  3.625
1444  11.421875
1445  4.421875
1446  2.6953125
1447  2.484375
1448  2.109375
1449  2.046875
1450  28.625
1451  103.015625
1452  14.6328125
1453  101.17969
1454  3.125
1455  2.625
1456  2.53125
1457  3.0859375
1458  1.0
1459  1.6171875
1460  0.6875
1461  2.90625
1462  9.2578125
1463  2.7265625
1464  26.960938
1465  2.3125
1466  2.8984375
1467  9.0078125
1468  1.875
1469  66.296875
1470  304.77344
1471  1.1640625
1472  3.765625
1473  1.578125
1474  11.671875
1475  45.125
1476  8.265625
1477  21.03125
1478  9.765625
1479  294.71094
1480  23.382812
1481  2.3046875
1482  2.90625
1483  29.484375
1484  2.34375
1485  1.703125
1486  1.203125
1487  98.58594
1488  16.804688
1489  4.234375
1490  6.1875
1491  1.734375
1492  15.7578125
1493  31.585938
1494  74.078125
1495  174.0
1496  98.140625
1497  19.453125
1498  278.96094
1499  4.3828125
1500  30.5
1501  24.914062
1502  13.0
1503  129.89062
1504  51.476562
1505  42.484375
1506  2.7265625
1507  1.0078125
1508  54.65625
1509  79.71094
1510  50.78125
1511  72.453125
1512  95.8125
1513  67.109375
1514  81.38281
1515  160.67969
1516  112.47656
1517  256.67188
1518  83.17969
1519  25.304688
1520  85.02344
1521  3.1484375
1522  0.4609375
1523  0.0078125
1524  0.015625
1525  0.0
1526  1.7265625
1527  4.5078125
1528  1.4453125
1529  0.03125
1530  12.4375
1531  0.1875
1532  2.40625
1533  2.4765625
1534  3.1640625
1535  0.4765625
1536  3.453125
1537  3.3046875
1538  3.03125
1539  2.2734375
1540  9.6875
1541  1.0546875
1542  14.4140625
1543  8.890625
1544  7.2109375
1545  14.2109375
1546  10.0703125
1547  2.359375
1548  2.578125
1549  2.390625
1550  2.4921875
1551  2.6015625
1552  3.1640625
1553  2.4453125
1554  7.8515625
1555  2.65625
1556  30.335938
1557  2.7890625
1558  254.59375
1559  110.53125
1560  170.0
1561  36.359375
1562  3.03125
1563  97.10156
1564  69.34375
1565  3.28125
1566  17.507812
1567  4.5
1568  4.6171875
1569  129.375
1570  10.7734375
1571  2.859375
1572  16.328125
1573  72.265625
1574  112.4375
1575  261.77344
1576  80.21875
1577  8.2734375
1578  13.8984375
1579  7.1484375
1580  3.1328125
1581  16.90625
1582  21.21875
1583  161.64844
1584  19.34375
1585  0.171875
1586  140.32031
1587  8.7421875
1588  3.546875
1589  50.109375
1590  3.546875
1591  47.078125
1592  22.96875
1593  3.5625
1594  72.13281
1595  6.515625
1596  3.4375
1597  0.125
1598  46.3125
1599  126.05469
1600  153.0
1601  8.1796875
1602  6.453125
1603  1.6796875
1604  39.84375
1605  121.5625
1606  72.4375
1607  48.125
1608  1.8359375
1609  27.460938
1610  77.16406
1611  18.1875
1612  128.07812
1613  6.234375
1614  3.609375
1615  63.328125
1616  2.6875
1617  226.64844
1618  65.75781
1619  1.2109375
1620  70.67969
1621  13.7890625
1622  7.8203125
1623  13.9765625
1624  115.078125
