7.18E-4  1166102836
13.139833  1166104151
18.715883  1166104227
22.311642  1166104278
27.371965  1166104304
31.972448  1166104323
36.145126  1166104443
40.90215  1166104474
45.92373  1166104504
51.402424  1166104533
56.00026  1166104553
60.05671  1166104583
88.95768  1166104662
93.706825  1166104693
98.66914  1166104727
101.74683  1166104765
107.3341  1166104803
111.48046  1166104835
116.606316  1166104883
122.14309  1166104932
126.75156  1166104964
130.1102  1166104997
134.43944  1166105044
139.01198  1166105078
142.0865  1166105117
146.76201  1166105161
150.87495  1166105197
154.34221  1166105229
159.4975  1166105268
164.6583  1166105304
168.19186  1166105340
172.81833  1166105372
178.40288  1166105408
183.00172  1166105445
186.07806  1166105482
190.95331  1166105525
192.5899  1166105565
193.65294  1166105601
194.78197  1166105639
197.90643  1166105673
200.67271  1166105713
202.23721  1166105742
